Symbol,Date,Open,High,Low,Close,Volume
AAME,15-Oct-2013,4.05,4.05,3.99,4.03,10700
AAOI,15-Oct-2013,9.78,10.29,9.77,10.18,10100
AAON,15-Oct-2013,17.8733,18.1267,17.6333,18.0067,56000
AAPL,15-Oct-2013,71.0729,71.7143,70.7886,71.24,11431200
AAWW,15-Oct-2013,45.78,45.78,43.58,44.03,206300
AAXJ,15-Oct-2013,61.05,61.09,60.42,60.42,472800
ABAX,15-Oct-2013,39.44,40.29,39,39.13,157000
ABCB,15-Oct-2013,17.93,18.14,17.82,17.85,116400
ABCD,15-Oct-2013,1.43,1.43,1.35,1.35,23000
ABIO,15-Oct-2013,10.99,10.99,10.57,10.85,627400
ABMD,15-Oct-2013,20.28,20.28,19.8,20.06,198200
ACAD,15-Oct-2013,23.63,25.24,22.65,23.13,4844000
ACET,15-Oct-2013,16.26,16.65,16.24,16.37,325200
ACFC,15-Oct-2013,3.77,3.85,3.77,3.78,10400
ACGL,15-Oct-2013,56,56.26,55.66,55.68,234700
ACHC,15-Oct-2013,38.94,38.98,38.25,38.53,101100
ACHN,15-Oct-2013,2.83,2.9,2.7,2.78,3160700
ACIW,15-Oct-2013,18.39,18.39,17.96,18.0667,195800
ACLS,15-Oct-2013,9.6,9.6,9.2,9.2,393000
ACNB,15-Oct-2013,16.85,16.9,16.67,16.68,7800
ACOR,15-Oct-2013,32.38,33.05,31.91,32.16,619000
ACRX,15-Oct-2013,8.26,8.6,8.11,8.15,777500
ACST,15-Oct-2013,21.7,22.7,21.6,22.7,1100
ACTG,15-Oct-2013,20.35,20.39,20.05,20.25,324600
ACWI,15-Oct-2013,54.7,54.94,54.56,54.64,4980600
ACWX,15-Oct-2013,45.64,45.69,45.47,45.52,262900
ACXM,15-Oct-2013,30.4,30.4,29.77,29.8,337900
ADBE,15-Oct-2013,52.31,52.78,51.81,51.93,3658800
ADES,15-Oct-2013,19.415,19.485,18.79,18.98,63600
ADI,15-Oct-2013,47.02,47.21,46.6,46.73,1660000
ADP,15-Oct-2013,63.6611,63.8368,63.3714,63.4944,1791100
ADRA,15-Oct-2013,29.43,29.49,29.43,29.49,500
ADRD,15-Oct-2013,23.91,24.01,23.88,23.88,2400
ADRE,15-Oct-2013,38.33,38.35,38.09,38.16,8200
ADRU,15-Oct-2013,23.51,23.6,23.51,23.55,500
ADSK,15-Oct-2013,41.04,41.16,40.7,40.89,3259100
ADTN,15-Oct-2013,24.6,24.87,24.3,24.56,705600
ADUS,15-Oct-2013,29.33,29.74,29.05,29.35,58100
AEGN,15-Oct-2013,22.81,23.03,22.36,22.49,267900
AEHR,15-Oct-2013,2.38,2.5,2.37,2.37,30900
AEIS,15-Oct-2013,19,19.16,18.62,18.68,299500
AETI,15-Oct-2013,7.32,7.38,7.26,7.33,14600
AEY,15-Oct-2013,2.51,2.51,2.45,2.46,17000
AEZS,15-Oct-2013,146,150,145,145,128700
AFAM,15-Oct-2013,19.5,19.64,19.45,19.48,19300
AFH,15-Oct-2013,10.39,10.47,10.29,10.47,27400
AFSI,15-Oct-2013,18.11,18.305,17.995,18.285,379700
AGEN,15-Oct-2013,2.76,2.76,2.65,2.67,537600
AGII,15-Oct-2013,43.26,43.92,43.01,43.06,91500
AGIIL,15-Oct-2013,21.55,21.85,21.38,21.43,21500
AGIO,15-Oct-2013,26.56,27.58,26.1,26.43,60000
AGNC,15-Oct-2013,22.12,22.44,22.12,22.37,6687600
AGYS,15-Oct-2013,11.72,11.87,11.48,11.78,25600
AHGP,15-Oct-2013,60.9,61,59.91,60.63,19400
AHPI,15-Oct-2013,2.26,2.26,2.25,2.25,400
AIMC,15-Oct-2013,27.34,27.73,27.13,27.2,188800
AINV,15-Oct-2013,8.33,8.33,8.2,8.22,1222700
AIRT,15-Oct-2013,11.23,11.23,11.22,11.22,2300
AKAM,15-Oct-2013,51.3,52.29,50.99,51.31,1630800
AKRX,15-Oct-2013,19.97,20.17,19.62,19.86,558600
ALCO,15-Oct-2013,40.8,43.7,40.8,42.55,35000
ALGN,15-Oct-2013,43.47,43.61,42.85,43.01,893400
ALGT,15-Oct-2013,102.71,103.89,100.4,101.2,89500
ALIM,15-Oct-2013,3.33,3.48,3.3,3.32,86800
ALKS,15-Oct-2013,31.76,31.85,30.75,30.85,1042600
ALLT,15-Oct-2013,13.22,13.51,13.21,13.27,183900
ALNY,15-Oct-2013,59.14,59.94,58.69,59.26,681700
ALOG,15-Oct-2013,88.73,90.14,88.73,90.12,118000
ALOT,15-Oct-2013,10.45,11.05,10.45,10.67,1900
ALSK,15-Oct-2013,2.5,2.56,2.48,2.52,414000
ALTR,15-Oct-2013,37.17,37.24,36.63,36.7,1618600
ALXN,15-Oct-2013,106.84,109.13,106.53,108.24,901900
AMAG,15-Oct-2013,19.52,19.52,19,19.11,117100
AMAT,15-Oct-2013,18.08,18.17,17.81,17.82,11642400
AMBA,15-Oct-2013,19.91,20.33,19.74,20.26,1059000
AMBC,15-Oct-2013,17.72,17.83,17.12,17.5,472700
AMBCW,15-Oct-2013,11.18,11.28,10.25,11.12,11300
AMCN,15-Oct-2013,2.57,3.2,2.4,2.61,1624300
AMCX,15-Oct-2013,67.06,69.98,66.74,69.19,1242700
AMD,15-Oct-2013,4.03,4.1,4.01,4.02,52027400
AMED,15-Oct-2013,17.76,18.1,17.56,18,218500
AMGN,15-Oct-2013,111.62,112.12,110.89,111.44,1968900
AMKR,15-Oct-2013,4.55,4.58,4.42,4.44,572600
AMNB,15-Oct-2013,22.02,22.24,21.67,22.09,18500
AMOT,15-Oct-2013,8.14,8.29,8.05,8.14,21900
AMRB,15-Oct-2013,8.47,8.96,8.47,8.94,24700
AMRN,15-Oct-2013,5.03,5.54,5.03,5.17,13633800
AMRS,15-Oct-2013,37.65,39.75,37.2,38.85,263300
AMSC,15-Oct-2013,22.9,22.9,22,22,272300
AMSF,15-Oct-2013,36.24,37.35,36.24,36.98,114800
AMSWA,15-Oct-2013,8.78,8.92,8.78,8.86,30900
AMWD,15-Oct-2013,33.11,33.11,32.14,32.53,73600
AMZN,15-Oct-2013,309.92,310.79,305.26,306.4,2261500
ANAT,15-Oct-2013,100.83,100.99,96.1,97.5,17400
ANCB,15-Oct-2013,16.31,17.36,16.22,16.55,1500
ANCX,15-Oct-2013,14.83,14.9,14.26,14.48,48300
ANDA,15-Oct-2013,10.15,10.16,10.14,10.15,4200
ANDAU,15-Oct-2013,10.96,10.96,10.96,10.96,0
ANDAW,15-Oct-2013,0.57,0.57,0.57,0.57,0
ANDE,15-Oct-2013,46.2667,46.8267,45.8533,46.1733,137800
ANGI,15-Oct-2013,15.37,15.81,14.96,15.08,2261700
ANGO,15-Oct-2013,14.47,14.48,14.08,14.46,165900
ANIK,15-Oct-2013,25.2,25.27,24.85,24.93,156200
ANIP,15-Oct-2013,10.99,11.36,10.8,10.98,34100
ANSS,15-Oct-2013,85.76,85.94,84.28,84.41,212600
ANTH,15-Oct-2013,27.36,29.12,26.8,26.88,82300
AOSL,15-Oct-2013,8.1,8.14,7.91,7.95,22800
APEI,15-Oct-2013,36,36.05,34.4,35.49,361600
APOG,15-Oct-2013,30.97,31.07,30.7,30.9,425200
APRI,15-Oct-2013,20.2,20.9,20,20.2,108200
APWC,15-Oct-2013,3.73,3.74,3.73,3.73,3500
ARAY,15-Oct-2013,7.38,7.43,7.3,7.39,521700
ARCC,15-Oct-2013,17.26,17.27,17.05,17.07,1272300
ARCI,15-Oct-2013,3.1,3.13,3.08,3.12,2100
ARCW,15-Oct-2013,3.076,3.076,2.94,3.04,24200
AREX,15-Oct-2013,29.05,29.65,28.55,28.89,753300
ARII,15-Oct-2013,39.01,39.98,38.95,39.8,248300
ARKR,15-Oct-2013,21.3,21.3,21.3,21.3,0
ARLP,15-Oct-2013,38.5,38.71,37.76,38.095,32200
ARNA,15-Oct-2013,44.6,47.5,44.5,45.7,8730200
AROW,15-Oct-2013,25.96,25.98,25.5,25.73,11500
ARQL,15-Oct-2013,2.36,2.39,2.3,2.39,296600
ARRS,15-Oct-2013,16.89,16.95,16.7,16.73,1136600
ARRY,15-Oct-2013,5.63,5.64,5.41,5.44,1388800
ARTNA,15-Oct-2013,22.54,22.54,22.21,22.25,9100
ARTW,15-Oct-2013,6.01,6.18,5.95,6,16800
ARTX,15-Oct-2013,2.08,2.14,2,2.01,631100
ARWR,15-Oct-2013,8.2,8.33,7.82,8.08,374200
ASCMA,15-Oct-2013,87.58,88.08,85.65,85.93,28000
ASFI,15-Oct-2013,8.75,8.76,8.45,8.66,10100
ASML,15-Oct-2013,97.31,97.5,94.91,95.15,1908400
ASNA,15-Oct-2013,19.57,19.66,19.36,19.44,1102100
ASPS,15-Oct-2013,134.92,135.74,132.85,133.58,35900
ASRV,15-Oct-2013,3.11,3.14,3.05,3.05,26400
ASRVP,15-Oct-2013,26.7,26.7,26.7,26.7,0
ASTC,15-Oct-2013,1.04,1.23,0.85,0.97,1692000
ASTE,15-Oct-2013,36.74,36.74,35.94,35.97,42700
ASUR,15-Oct-2013,4.7,4.8,4.69,4.8,9700
ASYS,15-Oct-2013,7.63,8.29,7.6,7.6,28500
ATAI,15-Oct-2013,4.75,4.8,4.31,4.51,9300
ATAX,15-Oct-2013,6.95,6.99,6.9,6.9,35500
ATEC,15-Oct-2013,23.88,24.12,23.28,23.52,62200
ATHN,15-Oct-2013,109.41,109.47,106.38,107.21,276300
ATHX,15-Oct-2013,1.83,1.87,1.81,1.81,205200
ATLC,15-Oct-2013,3.36,3.44,3.35,3.44,5800
ATLO,15-Oct-2013,22.64,22.97,22.44,22.51,12500
ATNI,15-Oct-2013,53.42,53.89,53.06,53.2,15900
ATOS,15-Oct-2013,30.6,31.65,29.7,30.75,235100
ATRC,15-Oct-2013,12.37,12.52,12.33,12.36,39900
ATRI,15-Oct-2013,260,261,258.33,258.33,2100
ATRO,15-Oct-2013,43.99,44.01,43.2,43.4,58100
ATRS,15-Oct-2013,4.67,4.69,4.21,4.36,5197300
ATSG,15-Oct-2013,7.29,7.33,7.18,7.27,94600
ATTU,15-Oct-2013,9.27,9.75,9.27,9.38,100200
ATVI,15-Oct-2013,17.83,17.98,17.67,17.76,10953800
AUBN,15-Oct-2013,24.68,24.68,24.2,24.2,1700
AUDC,15-Oct-2013,6.93,6.97,6.61,6.69,171500
AVAV,15-Oct-2013,23.75,24.06,23.55,23.65,241500
AVEO,15-Oct-2013,2.11,2.11,2.07,2.08,241700
AVGO,15-Oct-2013,44.27,44.44,43.58,43.74,1876100
AVHI,15-Oct-2013,18.49,18.72,18.19,18.28,15800
AVID,15-Oct-2013,6.48,6.55,6.42,6.54,158800
AVNW,15-Oct-2013,25.68,26.16,25.08,25.8,236100
AWRE,15-Oct-2013,5.31,5.36,5.25,5.26,31400
AXAS,15-Oct-2013,2.92,2.95,2.85,2.88,586800
AXDX,15-Oct-2013,13.51,13.95,13.45,13.56,36800
AXGN,15-Oct-2013,4.18,4.3,4.05,4.19,16200
AXTI,15-Oct-2013,2.28,2.33,2.21,2.22,143400
AZPN,15-Oct-2013,35.38,35.54,34.57,34.74,430300
BABY,15-Oct-2013,14.42,14.65,14.33,14.6,94600
BANF,15-Oct-2013,54.22,54.28,53.64,53.8,22700
BANFP,15-Oct-2013,26.6,26.6,26.6,26.6,0
BANR,15-Oct-2013,38.38,38.5,37.62,37.64,53400
BASI,15-Oct-2013,1.34,1.34,1.33,1.33,5200
BBBY,15-Oct-2013,77,77.39,75.93,76.21,979000
BBGI,15-Oct-2013,7.96,7.98,7.65,7.98,11000
BBOX,15-Oct-2013,30.18,30.47,30,30.08,48900
BBRG,15-Oct-2013,15.57,15.57,15.01,15.08,177700
BBSI,15-Oct-2013,70.72,71,69.52,69.72,13500
BCBP,15-Oct-2013,10.89,10.89,10.78,10.78,1400
BCOM,15-Oct-2013,20,20.02,19.52,19.98,14500
BCOR,15-Oct-2013,24.24,24.46,23.91,24.17,329800
BCOV,15-Oct-2013,12.85,13.5,12.83,13.07,723000
BCPC,15-Oct-2013,56.1,56.53,55.58,56.05,70900
BCRX,15-Oct-2013,6.55,6.74,6.52,6.56,568200
BDGE,15-Oct-2013,23.06,23.59,22.71,23.33,42400
BDSI,15-Oct-2013,5.3,5.35,5.25,5.3,174100
BEAT,15-Oct-2013,9.42,9.64,9.4,9.44,281000
BECN,15-Oct-2013,35.32,35.5,35.09,35.17,533900
BELFA,15-Oct-2013,18.11,18.11,17.78,17.78,1300
BELFB,15-Oct-2013,18.89,18.89,18.21,18.35,48800
BFIN,15-Oct-2013,9.01,9.35,9.01,9.26,15400
BGCP,15-Oct-2013,5.4,5.44,5.36,5.39,976500
BGFV,15-Oct-2013,16.63,16.66,16.28,16.29,212100
BIB,15-Oct-2013,30.325,30.725,29.75,29.8125,54400
BICK,15-Oct-2013,24.8,24.8,24.8,24.8,100
BIDU,15-Oct-2013,152.61,153.99,150.42,151.5,2406900
BIIB,15-Oct-2013,218.9389,220.21,217.5572,217.8151,766000
BIOL,15-Oct-2013,1.91,2.06,1.88,1.9,479400
BIOS,15-Oct-2013,8.2,8.31,8.1,8.29,712500
BIS,15-Oct-2013,26.63,27.46,26.5,27.32,18400
BJRI,15-Oct-2013,28.7,28.81,28.39,28.48,175300
BKCC,15-Oct-2013,9.47,9.53,9.4,9.45,239500
BKEP,15-Oct-2013,8.07,8.2,8.06,8.09,40800
BKEPP,15-Oct-2013,9.05,9.05,9.05,9.05,1600
BKMU,15-Oct-2013,6.47,6.49,6.34,6.34,65600
BKSC,15-Oct-2013,14.17,14.38,14.17,14.38,4300
BLDP,15-Oct-2013,1.43,1.46,1.4,1.4,847600
BLDR,15-Oct-2013,6.29,6.29,6.11,6.14,295100
BLIN,15-Oct-2013,5,5.15,4.85,5.1,50900
BLKB,15-Oct-2013,40.16,40.4,39.79,39.91,113300
BLMN,15-Oct-2013,22.25,22.5,22.07,22.12,337700
BLMT,15-Oct-2013,14.09,14.14,14,14.14,1900
BLRX,15-Oct-2013,2.78,2.8,2.71,2.77,66300
BLUE,15-Oct-2013,22.89,23.32,22.52,22.92,59900
BMRC,15-Oct-2013,42.8,42.83,42.07,42.11,6900
BMRN,15-Oct-2013,68.27,68.3,66.34,66.39,1318600
BMTC,15-Oct-2013,26.75,26.83,26.64,26.71,17600
BNCL,15-Oct-2013,10.08,10.16,9.99,9.99,92900
BNDX,15-Oct-2013,49.72,49.72,49.5,49.5,64400
BNFT,15-Oct-2013,49.16,49.16,45.44,47.59,185700
BNSO,15-Oct-2013,1.53,1.53,1.53,1.53,500
BOBE,15-Oct-2013,57.8,58.05,57.31,57.38,148000
BOCH,15-Oct-2013,5.6,5.6,5.42,5.44,24200
BOFI,15-Oct-2013,16.9975,17.045,16.75,16.9575,165000
BOKF,15-Oct-2013,64.07,64.07,63.34,63.46,44800
BOOM,15-Oct-2013,22.1,22.16,21.85,22.13,30400
BOSC,15-Oct-2013,3.98,4.09,3.98,4.09,2100
BOTJ,15-Oct-2013,8.01,8.3,7.99,8.3,2000
BPFH,15-Oct-2013,11.53,11.54,11.37,11.4,418300
BPFHP,15-Oct-2013,23.45,23.46,23.45,23.46,1200
BPFHW,15-Oct-2013,4.74,4.74,4.74,4.74,0
BPOP,15-Oct-2013,25.12,25.44,24.9,24.9,1187300
BPOPM,15-Oct-2013,18.15,18.56,18.15,18.56,1900
BPOPN,15-Oct-2013,19.4,19.95,19.15,19.17,6300
BREW,15-Oct-2013,14.22,14.8,14.22,14.65,55000
BRID,15-Oct-2013,11.65,11.9,11.6,11.9,1500
BRKL,15-Oct-2013,9.28,9.29,9.2,9.24,262200
BRKR,15-Oct-2013,20.21,20.32,19.85,19.93,658100
BRKS,15-Oct-2013,9.33,9.42,9.25,9.27,176500
BSET,15-Oct-2013,14.58,14.73,14.28,14.29,17400
BSFT,15-Oct-2013,37.25,37.45,35.46,36.76,462500
BSPM,15-Oct-2013,5.67,6.23,5.67,5.95,95800
BSQR,15-Oct-2013,2.61,2.65,2.61,2.64,11100
BSRR,15-Oct-2013,17.32,17.49,16.44,16.79,34400
BSTC,15-Oct-2013,18.29,18.64,18.25,18.45,9600
BUR,15-Oct-2013,3,3,3,3,0
BUSE,15-Oct-2013,5.24,5.26,5.14,5.15,104500
BV,15-Oct-2013,10.25,10.3,9.85,9.89,401100
BVSN,15-Oct-2013,10.15,10.17,9.92,10.04,18700
BWEN,15-Oct-2013,9.89,10.43,9.42,9.6,427500
BWINA,15-Oct-2013,25.18,25.18,25.18,25.18,300
BWINB,15-Oct-2013,27.09,27.09,25.78,25.83,37200
BWLD,15-Oct-2013,118.94,121,118.94,120.34,307300
BYFC,15-Oct-2013,1.06,1.09,1.06,1.09,700
CA,15-Oct-2013,29.76,29.85,29.42,29.49,3778900
CAAS,15-Oct-2013,7.39,7.45,7.26,7.31,42800
CAC,15-Oct-2013,41.07,41.47,40.7,40.9,11300
CACC,15-Oct-2013,112.44,112.94,111.6,112.15,17000
CACG,15-Oct-2013,10.15,10.15,10.15,10.15,0
CADC,15-Oct-2013,4,4.99,4,4.63,17200
CAKE,15-Oct-2013,43.44,43.44,42.71,42.76,737500
CALD,15-Oct-2013,10.43,10.5,10.26,10.3,328500
CALI,15-Oct-2013,2.73,3.17,2.52,2.64,373700
CALL,15-Oct-2013,14.26,14.43,13.63,13.67,207400
CALM,15-Oct-2013,25.455,25.615,25.335,25.445,73500
CAMP,15-Oct-2013,23.61,24,23.05,23.28,437200
CAMT,15-Oct-2013,1.7,1.72,1.7,1.71,13600
CAR,15-Oct-2013,29.27,29.48,28.73,28.96,1167100
CARB,15-Oct-2013,15.27,15.82,15.12,15.26,66600
CART,15-Oct-2013,2.79,3,2.79,2.99,4700
CARV,15-Oct-2013,8.95,8.95,8.95,8.95,100
CARZ,15-Oct-2013,39.27,39.94,39.27,39.75,23900
CASH,15-Oct-2013,37.8,37.95,37.57,37.61,14400
CASM,15-Oct-2013,1.37,1.41,1.37,1.39,2500
CASS,15-Oct-2013,57.26,57.61,56.34,56.64,23300
CASY,15-Oct-2013,73,73.08,71.67,71.89,241200
CATM,15-Oct-2013,38.18,38.41,37.56,38.03,334700
CATY,15-Oct-2013,24.05,24.14,23.76,23.92,232700
CAVM,15-Oct-2013,41.27,41.46,40.6,40.81,420500
CBAK,15-Oct-2013,2.99,3.02,2.7,2.71,295800
CBAN,15-Oct-2013,6.1,6.1,6.1,6.1,100
CBLI,15-Oct-2013,31.8,31.8,30.8,30.8,36000
CBOE,15-Oct-2013,47.68,47.72,47.18,47.25,372000
CBPO,15-Oct-2013,27.34,28.25,27.34,27.66,30300
CBRL,15-Oct-2013,106.24,106.24,104.8,105.2,136000
CBSH,15-Oct-2013,45,45,43.83,44.11,617600
CCBG,15-Oct-2013,12.1,12.14,11.91,12.06,27900
CCCL,15-Oct-2013,28.8,29.04,27.84,28,66000
CCCR,15-Oct-2013,9.31,10.3,9.22,9.95,151800
CCIH,15-Oct-2013,9.03,10,8.54,9.18,1968000
CCMP,15-Oct-2013,39.02,39.9,39.02,39.3,112800
CCNE,15-Oct-2013,17.74,18.08,17.72,17.9,15900
CCOI,15-Oct-2013,34.8,35.11,34.26,34.44,343500
CCRN,15-Oct-2013,5.98,6.03,5.97,5.99,75800
CCUR,15-Oct-2013,7.14,7.29,7.14,7.15,32900
CCXI,15-Oct-2013,5.21,5.25,5.04,5.19,469100
CDNS,15-Oct-2013,14.29,14.29,13.95,14.1,3713500
CDTI,15-Oct-2013,7.15,7.75,7.15,7.3,109500
CDW,15-Oct-2013,22.79,22.91,22.51,22.65,77600
CDXS,15-Oct-2013,1.75,1.85,1.72,1.74,94000
CDZI,15-Oct-2013,4.92,4.95,4.85,4.9,30100
CECE,15-Oct-2013,16.49,16.85,16.25,16.66,218100
CECO,15-Oct-2013,2.95,2.96,2.83,2.84,801700
CELG,15-Oct-2013,77.03,78.495,76.81,77.625,2505100
CELGZ,15-Oct-2013,2.75,2.75,2.44,2.47,318400
CEMI,15-Oct-2013,3.53,3.65,3.53,3.6,14700
CENT,15-Oct-2013,7.62,7.75,7.55,7.67,73100
CENTA,15-Oct-2013,7.15,7.33,7.15,7.26,253700
CENX,15-Oct-2013,8.61,8.75,8.46,8.5,852300
CERN,15-Oct-2013,55.74,55.94,54.87,55.22,1133500
CERS,15-Oct-2013,6.4,6.54,6.38,6.43,245000
CETV,15-Oct-2013,5.55,5.88,5.55,5.8,642500
CEVA,15-Oct-2013,13.92,13.99,13.81,13.91,188800
CFBK,15-Oct-2013,1.41,1.41,1.41,1.41,1100
CFFI,15-Oct-2013,51.62,52.6,51.37,52.01,15200
CFFN,15-Oct-2013,12.69,12.72,12.59,12.59,616300
CG,15-Oct-2013,29.73,30.05,29.31,29.86,583500
CGEN,15-Oct-2013,9.9,10.3,9.88,9.96,188400
CGIX,15-Oct-2013,17.37,18.66,17.35,17.53,151700
CGNX,15-Oct-2013,31.65,31.83,30.81,30.86,425400
CGO,15-Oct-2013,13.51,13.51,13.36,13.43,17200
CHCI,15-Oct-2013,1.76,1.81,1.76,1.78,42200
CHCO,15-Oct-2013,45.08,45.66,44.57,44.84,23100
CHDN,15-Oct-2013,87.97,87.97,86.8,86.87,15700
CHEF,15-Oct-2013,24.05,24.19,23.91,24.14,57000
CHFC,15-Oct-2013,28.47,28.47,27.98,28.11,52100
CHFN,15-Oct-2013,10.74,10.93,10.74,10.85,42200
CHI,15-Oct-2013,12.65,12.65,12.5,12.53,185500
CHKE,15-Oct-2013,13.03,13.25,13.03,13.21,13500
CHKP,15-Oct-2013,59.46,59.46,57.49,57.79,1772400
CHMG,15-Oct-2013,34.74,34.84,34.26,34.71,4300
CHNR,15-Oct-2013,4.63,4.88,4.61,4.88,500
CHRW,15-Oct-2013,59.03,59.43,58.45,58.77,1546000
CHSCO,15-Oct-2013,28.4,28.49,28.3,28.49,333800
CHSCP,15-Oct-2013,29.8,29.9,29.49,29.52,25600
CHTR,15-Oct-2013,136.97,138.25,135.6,137.44,347700
CHUY,15-Oct-2013,39.36,39.48,37.71,37.93,76300
CHW,15-Oct-2013,8.49,8.49,8.44,8.44,135300
CHY,15-Oct-2013,12.36,12.39,12.27,12.32,233400
CIDM,15-Oct-2013,15.7,15.7,15.2,15.3,52900
CINF,15-Oct-2013,49,49.16,48.56,48.67,546000
CIZN,15-Oct-2013,17.75,17.75,17.75,17.75,100
CJJD,15-Oct-2013,0.84,0.84,0.81,0.84,32700
CLCT,15-Oct-2013,14.48,14.59,14.37,14.37,26500
CLDX,15-Oct-2013,27.89,28.33,26.16,26.19,2593500
CLFD,15-Oct-2013,14.22,14.83,14.22,14.52,63100
CLIR,15-Oct-2013,7.24,7.25,6.85,6.85,76500
CLMT,15-Oct-2013,28.93,29,28.7,28.75,404200
CLNE,15-Oct-2013,11.49,11.5,11.18,11.31,1174600
CLNT,15-Oct-2013,6.15,6.27,5.79,5.82,186700
CLRO,15-Oct-2013,8.36,8.36,8.35,8.35,1000
CLSN,15-Oct-2013,1.21,1.23,1.18,1.19,634100
CLUB,15-Oct-2013,12.47,12.76,11.5,12.7,59900
CLVS,15-Oct-2013,49.34,50.31,48.3,48.41,192900
CLWT,15-Oct-2013,3.71,4.19,3.71,4.07,32300
CMCO,15-Oct-2013,24.61,25.32,24.21,24.8,55200
CMCSA,15-Oct-2013,23.225,23.435,23.025,23.195,9956100
CME,15-Oct-2013,75.46,76.05,74.89,75.17,1060900
CMRX,15-Oct-2013,17.39,17.79,16.47,16.48,68500
CMTL,15-Oct-2013,27.17,27.5,27.1,27.36,91400
CNAT,15-Oct-2013,9.73,9.9,9.33,9.6,7600
CNBKA,15-Oct-2013,32.23,32.92,31.27,32.51,25900
CNET,15-Oct-2013,0.68,0.85,0.67,0.85,459200
CNIT,15-Oct-2013,4.48,4.78,4.42,4.55,55700
CNMD,15-Oct-2013,35.31,35.62,35.27,35.36,64200
CNOB,15-Oct-2013,14.9,14.95,14.62,14.77,17800
CNSL,15-Oct-2013,17.88,17.96,17.71,17.81,117900
CNTF,15-Oct-2013,7,8.1,7,8.1,1659000
CNTY,15-Oct-2013,5.44,5.6,5.33,5.47,154300
COBZ,15-Oct-2013,9.9,9.91,9.76,9.82,86200
COHR,15-Oct-2013,64.28,64.46,63.99,64.26,79100
COHU,15-Oct-2013,10.9,11,10.87,10.94,43700
COKE,15-Oct-2013,62.1,62.49,61.5,61.98,21000
COLB,15-Oct-2013,24.79,25.15,24.76,24.9,136100
COLM,15-Oct-2013,31.005,31.16,30.765,30.77,28400
CONE,15-Oct-2013,18.63,18.85,18.56,18.59,123700
CONN,15-Oct-2013,60.28,60.54,58.73,59.96,740600
COOL,15-Oct-2013,23.94,24.78,23.94,24.78,93300
CORE,15-Oct-2013,16.92,17.025,16.8425,16.87,23700
CORT,15-Oct-2013,1.75,1.77,1.71,1.71,97400
COST,15-Oct-2013,115.76,116.11,115.27,115.36,1503300
COWN,15-Oct-2013,3.64,3.65,3.53,3.56,1279300
CPAH,15-Oct-2013,13.5,13.6,13.2,13.2,4500
CPHC,15-Oct-2013,11.05,11.05,11.05,11.05,100
CPIX,15-Oct-2013,4.72,4.84,4.7,4.76,21800
CPLA,15-Oct-2013,56.63,58.19,56.18,56.47,54900
CPLP,15-Oct-2013,8.91,8.91,8.74,8.8,159200
CPRT,15-Oct-2013,16.43,16.49,16.165,16.195,723900
CPRX,15-Oct-2013,2.63,2.87,2.58,2.7,2101900
CPSI,15-Oct-2013,59.46,59.53,58.17,58.46,70400
CPSS,15-Oct-2013,6.5,6.59,6.44,6.5,82800
CPST,15-Oct-2013,24.8,25.6,24.6,25,3377800
CPTA,15-Oct-2013,18.05,18.65,18.05,18.21,43500
CRAI,15-Oct-2013,18.57,18.69,18.5,18.56,22500
CRAY,15-Oct-2013,23.2,23.21,22.8,22.9,456100
CREE,15-Oct-2013,72.72,73.5,72.08,72.37,1845600
CREG,15-Oct-2013,24.6,25.4,24,24.1,45100
CRESY,15-Oct-2013,9.75,9.76,9.6,9.7,117800
CRIS,15-Oct-2013,4.25,4.27,4.1,4.14,367900
CRME,15-Oct-2013,5.16,5.16,4.81,4.9,113200
CRMT,15-Oct-2013,44.46,44.98,43.9,43.91,32100
CRNT,15-Oct-2013,3.8,3.83,3.8,3.81,61800
CROX,15-Oct-2013,13.75,13.75,13.25,13.33,1954100
CRUS,15-Oct-2013,24.09,24.81,23.8,23.93,2610300
CRVL,15-Oct-2013,38.01,39.53,37.72,38.94,148600
CRWS,15-Oct-2013,7.54,7.54,7.44,7.44,8200
CRZO,15-Oct-2013,43.89,44.13,43.16,43.51,1384400
CSBK,15-Oct-2013,12.67,12.92,12.53,12.64,14400
CSCO,15-Oct-2013,23.36,23.42,23.17,23.18,26205200
CSFL,15-Oct-2013,9.99,10.08,9.8,9.91,45200
CSGP,15-Oct-2013,165.64,167.98,164.5,167.51,169000
CSGS,15-Oct-2013,25.4,25.61,25.3,25.51,262700
CSII,15-Oct-2013,21.9,22.1,21.87,22.09,95700
CSIQ,15-Oct-2013,21.2,21.85,20.47,20.79,4555800
CSOD,15-Oct-2013,50.14,50.43,49.05,49.46,223600
CSPI,15-Oct-2013,7.03,7.03,6.88,6.89,43500
CSQ,15-Oct-2013,10.1,10.18,10.05,10.06,502300
CSTE,15-Oct-2013,41.47,41.66,40.1,40.34,247900
CSWC,15-Oct-2013,33.29,33.29,32.42,32.57,10400
CSX,15-Oct-2013,26,26.18,25.95,26.1,7205400
CTAS,15-Oct-2013,51.66,51.84,51.36,51.64,689600
CTBI,15-Oct-2013,40.75,41,40.35,40.43,20200
CTG,15-Oct-2013,18.01,18.19,17.96,17.99,44600
CTHR,15-Oct-2013,6.53,6.64,6.36,6.39,46100
CTIB,15-Oct-2013,5.65,5.65,4.91,5.36,9400
CTIC,15-Oct-2013,18.4,18.5,17,17.2,2536400
CTRL,15-Oct-2013,17.18,17.21,16.34,16.43,27800
CTRN,15-Oct-2013,16.11,16.2,15.6,15.98,69500
CTRP,15-Oct-2013,28.095,29.21,28.055,28.37,2306900
CTSH,15-Oct-2013,44.025,44.07,42.85,42.955,3493100
CTWS,15-Oct-2013,31.69,31.69,31.07,31.12,19900
CTXS,15-Oct-2013,46.5446,46.5764,45.3424,45.4936,4836400
CUBA,15-Oct-2013,8.82,8.82,8.73,8.73,4400
CUI,15-Oct-2013,5.56,5.85,5.56,5.76,67600
CUTR,15-Oct-2013,9.04,9.07,8.97,8.98,105900
CVBF,15-Oct-2013,13.95,14,13.81,13.82,461400
CVCO,15-Oct-2013,58.68,58.68,57.42,57.98,19500
CVCY,15-Oct-2013,9.75,10.25,9.75,10.11,2700
CVGI,15-Oct-2013,8.3,8.33,8.07,8.16,88700
CVGW,15-Oct-2013,29.21,29.4,29,29.26,25300
CVLT,15-Oct-2013,82.94,85.93,81.32,81.69,1579100
CVLY,15-Oct-2013,19.64,20.46,19.64,20.25,9700
CVTI,15-Oct-2013,6.43,6.6,6.31,6.38,9300
CVV,15-Oct-2013,10.43,10.6,10.28,10.52,29900
CWBC,15-Oct-2013,5.6,5.61,5.6,5.6,4600
CWCO,15-Oct-2013,15.52,15.82,15.42,15.74,169300
CWST,15-Oct-2013,5.87,6,5.82,5.88,127000
CXDC,15-Oct-2013,4.79,4.84,4.72,4.76,30300
CY,15-Oct-2013,9.35,9.44,9.18,9.27,2233800
CYAN,15-Oct-2013,5.18,5.31,5.18,5.26,53600
CYBE,15-Oct-2013,5.53,5.57,5.45,5.53,28600
CYCC,15-Oct-2013,42.96,43.8,42.48,42.6,145800
CYCCP,15-Oct-2013,8.07,8.08,8.05,8.08,1000
CYOU,15-Oct-2013,39.2,39.2,37.3,37.55,428600
CYTK,15-Oct-2013,7,7.06,6.77,6.78,408300
CYTR,15-Oct-2013,2.34,2.35,2.26,2.29,411800
CYTX,15-Oct-2013,34.05,34.35,33.3,33.6,209800
CYTXW,15-Oct-2013,0.7,0.7,0.7,0.7,0
CZFC,15-Oct-2013,8.53,8.6,8.5,8.5,5400
CZNC,15-Oct-2013,20.54,20.93,20.5,20.52,23900
CZR,15-Oct-2013,20.05,20.18,18.29,19.91,4203000
CZWI,15-Oct-2013,7.29,7.5,7.25,7.3,13500
DAIO,15-Oct-2013,3.2,3.24,3.05,3.23,18000
DAKT,15-Oct-2013,11.65,11.69,11.46,11.64,122500
DAVE,15-Oct-2013,16.2,16.6,16.2,16.49,53900
DCIX,15-Oct-2013,31.76,32.32,31.36,32,297400
DCOM,15-Oct-2013,16.82,16.91,16.78,16.81,61100
DENN,15-Oct-2013,6.39,6.45,6.3,6.32,302400
DEPO,15-Oct-2013,7.38,7.43,7.2,7.28,213700
DEST,15-Oct-2013,30.7,30.98,30.45,30.62,47300
DFRG,15-Oct-2013,17.88,18.25,17.67,18.23,171800
DFVS,15-Oct-2013,40.46,40.46,40.46,40.46,3100
DGICA,15-Oct-2013,16.31,16.5,15.93,16.38,33500
DGICB,15-Oct-2013,23.09,23.09,22.95,23,800
DGII,15-Oct-2013,9.64,9.76,9.63,9.66,48500
DGLY,15-Oct-2013,13.44,13.68,13.32,13.47,19300
DGRE,15-Oct-2013,26.4,26.45,26.11,26.2,5500
DGRS,15-Oct-2013,26.54,26.54,26.34,26.4,9400
DGRW,15-Oct-2013,25.74,25.77,25.56,25.59,29200
DHIL,15-Oct-2013,111.49,111.93,110.68,110.85,2200
DIOD,15-Oct-2013,24.7,24.97,24.58,24.68,198800
DISCA,15-Oct-2013,79.9,80.1,78.78,79.12,751400
DISCB,15-Oct-2013,80.55,80.55,79.31,79.31,200
DISCK,15-Oct-2013,36.6,36.76,36.355,36.395,261100
DISH,15-Oct-2013,47.73,48.24,47.53,48.14,1047800
DJCO,15-Oct-2013,147,147,145.6,146.01,600
DLBS,15-Oct-2013,35.23,35.23,34.82,35.11,20000
DLHC,15-Oct-2013,1.15,1.21,1.15,1.21,200
DLTR,15-Oct-2013,57.83,58.79,57.83,58.48,1274100
DMLP,15-Oct-2013,24.35,24.5,24.25,24.3,73300
DMRC,15-Oct-2013,19.83,20.08,19.35,19.72,28900
DNBF,15-Oct-2013,20,20,20,20,0
DNKN,15-Oct-2013,46.72,46.76,45.83,46.2,1089600
DORM,15-Oct-2013,48.48,48.65,47.94,48.24,88100
DRAD,15-Oct-2013,2.65,2.72,2.64,2.65,42600
DRRX,15-Oct-2013,1.31,1.31,1.27,1.29,177900
DRYS,15-Oct-2013,5661600,5896800,5611200,5678400,12130000
DSGX,15-Oct-2013,11.5,11.79,11.37,11.59,9800
DSPG,15-Oct-2013,7.6,7.6,7.39,7.44,31900
DSWL,15-Oct-2013,2.49,2.52,2.46,2.5,8300
DTUS,15-Oct-2013,39.26,39.26,39.26,39.26,300
DTYS,15-Oct-2013,31,31,30.46,30.72,41100
DVAX,15-Oct-2013,11.8,11.9,11.7,11.7,550700
DVCR,15-Oct-2013,5.02,5.15,5.01,5.15,500
DWCH,15-Oct-2013,29.67,30.04,27.85,27.86,19300
DWSN,15-Oct-2013,31.79,32.04,31.19,31.46,19900
DXCM,15-Oct-2013,29.39,30.47,29.15,29.47,1029600
DXJS,15-Oct-2013,28.51,28.51,28.13,28.21,2600
DXLG,15-Oct-2013,6.63,6.68,6.57,6.63,138000
DXPE,15-Oct-2013,82,82,81.07,81.98,93900
DXPS,15-Oct-2013,25.96,26.02,25.94,26.02,1400
DXYN,15-Oct-2013,10.79,10.89,10.43,10.65,28600
DYNT,15-Oct-2013,2.91,2.91,2.88,2.88,700
DYSL,15-Oct-2013,1.04,1.09,1.02,1.04,4500
EA,15-Oct-2013,24.35,24.65,23.94,23.97,6468800
EAGLU,15-Oct-2013,10.08,10.08,10.08,10.08,0
EBAY,15-Oct-2013,22.9853,23.0737,22.6611,22.7242,8921700
EBIX,15-Oct-2013,11.68,11.68,11.28,11.37,329500
EBMT,15-Oct-2013,10.98,11.05,10.98,11.05,4800
EBSB,15-Oct-2013,9.1462,9.1462,8.8276,8.9542,20200
EBTC,15-Oct-2013,19.53,20.7,19.27,19.42,24100
ECHO,15-Oct-2013,20.07,20.1,19.83,19.87,128300
ECOL,15-Oct-2013,30.8,30.97,30.46,30.72,49800
ECPG,15-Oct-2013,49.01,49.84,48.71,49.07,603500
ECYT,15-Oct-2013,10.18,11.89,10.11,11.42,826000
EDAP,15-Oct-2013,2.65,2.77,2.65,2.68,66200
EDGW,15-Oct-2013,5.65,5.91,5.49,5.57,11900
EDUC,15-Oct-2013,2.83,2.86,2.83,2.86,2100
EEFT,15-Oct-2013,40.51,41.76,40.36,41.5,261700
EEI,15-Oct-2013,11.48,11.5,11.3,11.5,4100
EEMA,15-Oct-2013,57.52,57.52,57.52,57.52,100
EFII,15-Oct-2013,33.66,33.67,32.99,33.19,337300
EFSC,15-Oct-2013,17.47,17.5,17.31,17.41,19700
EGAN,15-Oct-2013,13.16,13.21,13,13.13,125000
EGBN,15-Oct-2013,29.36,29.8,28.7,28.73,65200
EGLE,15-Oct-2013,2430,2664,2430,2480.4,948000
EGOV,15-Oct-2013,22.8,23.11,22.7,22.89,294100
EHTH,15-Oct-2013,35.3,37.28,35.14,36.15,395600
ELGX,15-Oct-2013,16.82,16.86,16.44,16.61,354200
ELON,15-Oct-2013,22.9,23.2,22,22.2,104600
ELSE,15-Oct-2013,4,4,3.98,4,3300
ELTK,15-Oct-2013,1.29,1.29,1.23,1.23,61100
EMCB,15-Oct-2013,75.01,75.5,75.01,75.3,25200
EMCF,15-Oct-2013,23.75,26.5,23.75,26.5,3100
EMCG,15-Oct-2013,26.05,26.05,25.75,25.81,4300
EMCI,15-Oct-2013,21.0867,21.28,20.5667,20.9,28400
EMIF,15-Oct-2013,34.72,34.72,34.5,34.58,1800
EMITF,15-Oct-2013,74.4,76.2,69,70.8,7700
EMKR,15-Oct-2013,4.65,4.8,4.63,4.8,170000
EML,15-Oct-2013,17,17.52,17,17.44,1900
EMMS,15-Oct-2013,9.36,9.72,8.96,9.24,218400
ENDP,15-Oct-2013,44.35,44.83,43.98,44.02,1829400
ENG,15-Oct-2013,1.02,1.03,1,1.02,13800
ENPH,15-Oct-2013,8.68,8.92,8.53,8.58,272500
ENSG,15-Oct-2013,20.92,21.18,20.885,20.955,27600
ENT,15-Oct-2013,9.48,9.82,9.28,9.39,272500
ENTA,15-Oct-2013,19.38,19.76,19,19.6,136000
ENTG,15-Oct-2013,10.39,10.41,10.23,10.24,505700
ENZY,15-Oct-2013,16.92,17,16.5,16.56,95800
EPAY,15-Oct-2013,29.26,29.45,29.02,29.06,120600
EPZM,15-Oct-2013,35.67,37.23,34.08,34.23,96500
EQIX,15-Oct-2013,165.09,166.63,163.64,164.02,632100
ERIC,15-Oct-2013,12.91,12.97,12.83,12.92,6496200
ERIE,15-Oct-2013,70.75,71.74,70.62,71.14,22400
ERII,15-Oct-2013,6.25,6.51,6.21,6.24,387700
ESBK,15-Oct-2013,24.22,24.22,24.22,24.22,0
ESCA,15-Oct-2013,8.75,8.75,8.18,8.22,39200
ESEA,15-Oct-2013,1.32,1.42,1.32,1.36,224200
ESGR,15-Oct-2013,137,139.14,137,138.5,23400
ESIO,15-Oct-2013,11.54,11.68,11.38,11.5,48100
ESLT,15-Oct-2013,51.57,52.03,51.23,51.66,31100
ESPR,15-Oct-2013,16.71,16.83,16.57,16.63,11000
ESRX,15-Oct-2013,63.12,63.94,62.91,63.42,3405700
ESSA,15-Oct-2013,10.72,10.91,10.57,10.66,7500
ESXB,15-Oct-2013,3.7,3.7,3.63,3.68,4100
ETFC,15-Oct-2013,16.92,17.18,16.81,16.88,3506500
EUFN,15-Oct-2013,23.96,23.96,23.81,23.84,154900
EVEP,15-Oct-2013,38.42,38.73,37.97,38.11,129600
EVK,15-Oct-2013,4.22,4.83,4.22,4.67,48700
EVOK,15-Oct-2013,11.97,12.24,11.4,11.99,17000
EVOL,15-Oct-2013,11.25,11.25,10.82,10.99,271700
EWBC,15-Oct-2013,33.84,34,33.49,33.49,1309300
EXAC,15-Oct-2013,20.74,20.83,20.12,20.49,21200
EXAS,15-Oct-2013,10.11,10.22,9.98,10.02,840700
EXEL,15-Oct-2013,5.35,5.44,5.22,5.24,1249900
EXFO,15-Oct-2013,5.36,5.48,5.24,5.25,7300
EXLS,15-Oct-2013,30.35,30.41,29.9,30.12,151700
EXPD,15-Oct-2013,43.42,43.56,43.11,43.16,1394100
EXPE,15-Oct-2013,48.41,48.5,47.49,47.89,6079900
EXPO,15-Oct-2013,36.625,36.715,35.985,36.085,26000
EXTR,15-Oct-2013,5.56,5.61,5.45,5.52,998200
EXXI,15-Oct-2013,31.23,31.46,30.76,31.11,895200
EZPW,15-Oct-2013,15.99,16.09,15.63,15.86,262900
FANG,15-Oct-2013,46.47,48.32,45.47,46.85,619300
FARM,15-Oct-2013,15.78,15.88,15.6,15.62,33500
FARO,15-Oct-2013,41.18,41.31,39.47,39.81,66500
FAST,15-Oct-2013,47.83,48.21,47.48,47.93,1780300
FATE,15-Oct-2013,6.99,7.19,6.83,7.19,42400
FB,15-Oct-2013,49.99,51,49.18,49.5,81166500
FBIZ,15-Oct-2013,32.27,32.3,32.2,32.3,1000
FBMS,15-Oct-2013,14.25,14.25,13.85,14.01,3200
FBNC,15-Oct-2013,14.3,14.62,14.3,14.37,23400
FBNK,15-Oct-2013,15.5,15.53,15.25,15.27,24900
FBSS,15-Oct-2013,12.89,12.89,12.85,12.85,500
FCAP,15-Oct-2013,20.9,20.9,20.9,20.9,0
FCBC,15-Oct-2013,17.1,17.1,16.79,16.93,22100
FCCO,15-Oct-2013,10.2,10.25,10.2,10.24,34800
FCCY,15-Oct-2013,10.8,10.8,10.57,10.73,2700
FCEL,15-Oct-2013,14.88,15.6,14.76,15.12,1942900
FCNCA,15-Oct-2013,207.94,209.27,207.43,207.43,3500
FDEF,15-Oct-2013,26,26.1,25.19,25.39,55900
FDUS,15-Oct-2013,19.78,19.96,19.46,19.47,52600
FEIM,15-Oct-2013,11.57,11.61,11.02,11.27,33500
FELE,15-Oct-2013,38.12,38.14,37.57,37.64,140500
FEYE,15-Oct-2013,41.99,42,39.87,40.77,762100
FFBC,15-Oct-2013,15.3,15.44,15.25,15.27,205400
FFBCW,15-Oct-2013,5.3,5.3,5.3,5.3,500
FFHL,15-Oct-2013,1.33,1.5,1.32,1.41,142200
FFIC,15-Oct-2013,19.02,19.14,19,19.01,52500
FFIN,15-Oct-2013,29.895,30.295,29.89,30,96100
FFIV,15-Oct-2013,89.9,90.37,87.51,87.55,2005700
FFKT,15-Oct-2013,23.32,23.49,22.86,23.04,9500
FFNW,15-Oct-2013,10.53,10.58,10.41,10.51,17200
FIBK,15-Oct-2013,24.2,24.36,23.97,24.04,59600
FINL,15-Oct-2013,23.81,24.12,23.52,23.96,485300
FISI,15-Oct-2013,22.87,22.87,21.75,21.88,14700
FISV,15-Oct-2013,51.035,51.23,50.855,50.97,356400
FITB,15-Oct-2013,18.37,18.4,18.12,18.13,7453300
FIVE,15-Oct-2013,45.45,45.48,44.37,45.13,375800
FIZZ,15-Oct-2013,18.11,18.49,18.05,18.41,33500
FLAT,15-Oct-2013,57.08,57.08,57.08,57.08,500
FLDM,15-Oct-2013,22.97,23.13,22.22,22.32,118700
FLEX,15-Oct-2013,9.02,9.15,8.95,9.06,4967300
FLIC,15-Oct-2013,26.92,26.9333,26.4667,26.4867,10600
FLIR,15-Oct-2013,30.44,30.8,28.54,28.59,8334000
FLL,15-Oct-2013,2.8,2.81,2.78,2.8,32900
FLWS,15-Oct-2013,5.08,5.26,5.02,5.15,206700
FLXS,15-Oct-2013,25.5,25.59,24.72,24.72,16500
FMBI,15-Oct-2013,15.75,15.82,15.54,15.54,262900
FMI,15-Oct-2013,35.17,35.93,34.01,34.77,378700
FMNB,15-Oct-2013,6.15,6.2,6.13,6.19,20800
FNGN,15-Oct-2013,53.59,54.27,53.1,53.15,243800
FNHC,15-Oct-2013,10,10,9.92,10,5900
FNLC,15-Oct-2013,17.8,17.84,17.41,17.55,29200
FNSR,15-Oct-2013,24.54,24.54,24.01,24.07,1032000
FOLD,15-Oct-2013,2.23,2.31,2.21,2.28,138800
FONE,15-Oct-2013,32.48,32.48,32.43,32.43,400
FONR,15-Oct-2013,9,9.22,8.79,9.12,70600
FORD,15-Oct-2013,1.77,1.8,1.77,1.8,4800
FORM,15-Oct-2013,6.6,6.63,6.3,6.34,214300
FORR,15-Oct-2013,38.11,38.2,37.76,37.9,40900
FORTY,15-Oct-2013,25.83,25.83,25.83,25.83,0
FOSL,15-Oct-2013,120.13,120.45,116.23,116.82,522200
FOX,15-Oct-2013,33.39,33.64,33.3,33.35,1243200
FOXA,15-Oct-2013,33.46,33.72,33.36,33.42,9302800
FOXF,15-Oct-2013,16.95,17.15,16.87,17.02,191800
FPRX,15-Oct-2013,13.75,13.75,13.26,13.39,61900
FRAN,15-Oct-2013,17.2,17.5,16.61,16.65,1659600
FRBK,15-Oct-2013,2.99,3.14,2.99,3.12,16200
FRED,15-Oct-2013,15.87,15.99,15.76,15.94,69100
FRGI,15-Oct-2013,38.57,39,38.27,38.85,211600
FRME,15-Oct-2013,18.94,19,18.7,18.85,118700
FSBW,15-Oct-2013,16.59,16.73,16.59,16.73,2900
FSFG,15-Oct-2013,22.31,22.31,22.15,22.15,5800
FSLR,15-Oct-2013,44.43,45.89,43.48,43.75,6041800
FSTR,15-Oct-2013,47.26,47.67,46.36,46.56,12900
FTCS,15-Oct-2013,30.98,30.99,30.81,30.84,10200
FTEK,15-Oct-2013,4.37,4.4,4.26,4.32,77500
FTNT,15-Oct-2013,21.23,21.23,19.95,20.1,3889500
FTR,15-Oct-2013,4.37,4.45,4.35,4.37,5204400
FTSL,15-Oct-2013,49.36,49.47,49.36,49.46,84800
FULT,15-Oct-2013,12.07,12.12,11.94,11.95,725100
FUNC,15-Oct-2013,8.75,8.92,8.01,8.54,11300
FUND,15-Oct-2013,7.27,7.29,7.21,7.24,23600
FWRD,15-Oct-2013,40.03,40.12,39.54,39.56,60900
GABC,15-Oct-2013,16.1333,16.16,15.84,16.02,20000
GAIA,15-Oct-2013,5.36,5.41,5.24,5.38,17900
GAIN,15-Oct-2013,7.18,7.18,7.11,7.15,140500
GALE,15-Oct-2013,42.8,44.2,41.8,43.4,2396800
GALT,15-Oct-2013,10.95,11.35,10.6,10.8,240300
GARS,15-Oct-2013,14.55,14.75,14.31,14.4,26200
GASS,15-Oct-2013,10.45,10.84,10.37,10.6,99200
GBCI,15-Oct-2013,25.73,25.99,25.6,25.62,328700
GBDC,15-Oct-2013,17.13,17.17,16.92,16.97,97900
GBLI,15-Oct-2013,25.01,25.73,24.7,25.3,21200
GBNK,15-Oct-2013,13.77,13.89,13.64,13.81,27300
GCBC,15-Oct-2013,12.315,12.315,12.315,12.315,0
GCVRZ,15-Oct-2013,2.02,2.02,1.99,1.99,138900
GENC,15-Oct-2013,6.04,6.1267,5.96,5.98,7500
GENE,15-Oct-2013,11.15,11.15,10.5,10.75,54900
GEOS,15-Oct-2013,87.91,88.53,85.99,87.01,65200
GERN,15-Oct-2013,3.15,3.37,2.99,3.12,2706100
GEVO,15-Oct-2013,528,552,525,540,400900
GFED,15-Oct-2013,11.28,11.3,11.25,11.28,1000
GFN,15-Oct-2013,5.89,6.05,5.78,6.01,70000
GFNCP,15-Oct-2013,99.89,99.89,99.89,99.89,0
GGAL,15-Oct-2013,11.19,11.49,10.61,10.67,1006200
GHDX,15-Oct-2013,30.03,30.39,29.28,29.28,123100
GIFI,15-Oct-2013,24.92,25.07,24.81,24.84,29900
GIGM,15-Oct-2013,4.75,4.85,4.7,4.75,91700
GIII,15-Oct-2013,27.59,27.665,26.425,26.465,90700
GILD,15-Oct-2013,63.53,64.72,63.43,63.6,8005500
GILT,15-Oct-2013,4.9,4.91,4.85,4.9,9100
GLAD,15-Oct-2013,8.77,8.83,8.71,8.78,85500
GLBS,15-Oct-2013,12,12.56,11.84,12.56,8100
GLBZ,15-Oct-2013,11.84,11.85,10.99,11.74,1600
GLDD,15-Oct-2013,7.5,7.54,7.35,7.4,226200
GLDI,15-Oct-2013,14.8,14.85,14.65,14.78,8700
GLNG,15-Oct-2013,35.65,35.68,35.06,35.19,510000
GLRE,15-Oct-2013,28.58,28.9,28.5,28.76,61700
GLUU,15-Oct-2013,3.2,3.35,3.05,3.09,4990600
GMLP,15-Oct-2013,31.5,31.95,31.08,31.16,52800
GNCMA,15-Oct-2013,9.31,9.5,9.26,9.41,77200
GNMA,15-Oct-2013,48.88,48.88,48.34,48.65,1000
GNMK,15-Oct-2013,12.61,12.75,12.31,12.48,166100
GNTX,15-Oct-2013,13.045,13.045,12.81,12.865,772200
GOGO,15-Oct-2013,16.75,16.99,16.24,16.37,473500
GOLD,15-Oct-2013,69.18,72.5,68.98,72.06,1170000
GOOD,15-Oct-2013,18.58,18.7,18.43,18.62,37600
GOODO,15-Oct-2013,24.87,24.87,24.87,24.87,200
GOODP,15-Oct-2013,25,25,25,25,400
GOOG,15-Oct-2013,437.88,442.815,437,441.005,1594700
GPIC,15-Oct-2013,8.2,8.33,8.11,8.25,9100
GPOR,15-Oct-2013,68.41,69.81,67.63,67.94,2058000
GPRE,15-Oct-2013,16.31,16.39,15.82,15.84,310000
GRFS,15-Oct-2013,14.515,14.77,14.295,14.39,465200
GRID,15-Oct-2013,34.58,34.58,34.28,34.3,2800
GRIF,15-Oct-2013,31.71,32.16,31.71,31.78,1900
GRMN,15-Oct-2013,47.38,47.66,46.82,47.22,1047600
GROW,15-Oct-2013,2.73,2.78,2.73,2.78,20000
GRPN,15-Oct-2013,11.09,11.29,10.89,11.18,16274900
GRVY,15-Oct-2013,10,10.32,9.68,10.08,216400
GSBC,15-Oct-2013,28.57,28.89,28.3,28.74,27500
GSIT,15-Oct-2013,7.22,7.38,7.21,7.21,131900
GSM,15-Oct-2013,16.93,17.1,16.88,17.02,337600
GSVC,15-Oct-2013,15.28,15.44,14.98,15,343200
GT,15-Oct-2013,22.71,22.83,22.2,22.34,3326800
GTIM,15-Oct-2013,2.41,2.41,2.38,2.39,26300
GTLS,15-Oct-2013,126.82,126.82,123.07,123.42,237700
GTXI,15-Oct-2013,1.67,1.67,1.59,1.63,433800
GULF,15-Oct-2013,18.69,18.7,18.28,18.49,5800
GURE,15-Oct-2013,1.7,1.87,1.7,1.8,254100
GWPH,15-Oct-2013,28,30.98,27.22,28.25,267000
GYRO,15-Oct-2013,75.97,75.98,75.8,75.8,2700
HA,15-Oct-2013,7.98,8.01,7.85,7.87,588300
HAFC,15-Oct-2013,17.29,17.54,17.29,17.34,526000
HAIN,15-Oct-2013,38.805,39.025,38.12,38.375,766700
HALL,15-Oct-2013,8.73,8.89,8.63,8.68,24300
HALO,15-Oct-2013,10.52,10.96,10.42,10.71,2080200
HAS,15-Oct-2013,46.33,46.56,45.77,45.99,1617800
HAWK,15-Oct-2013,22.54,22.68,21.98,22.45,219800
HAYN,15-Oct-2013,50.54,51.22,50.36,50.84,45700
HBAN,15-Oct-2013,8.53,8.56,8.4,8.41,7315200
HBANP,15-Oct-2013,1230,1235,1225,1235,800
HBCP,15-Oct-2013,17.67,17.75,17.66,17.68,9500
HBHC,15-Oct-2013,32.05,32.29,31.82,32.03,515100
HBIO,15-Oct-2013,5.06,5.06,5.01,5.05,90200
HBK,15-Oct-2013,14.8,14.8,14.68,14.68,13000
HBMD,15-Oct-2013,8.55,8.55,8.55,8.55,0
HBNC,15-Oct-2013,15.3133,15.3667,15.1533,15.18,20700
HCAP,15-Oct-2013,14.58,14.85,14.44,14.52,7300
HCCI,15-Oct-2013,18,18.09,17.76,17.86,28400
HCKT,15-Oct-2013,7.07,7.22,7.03,7.15,307000
HCOM,15-Oct-2013,27.76,27.76,26.5,26.65,36500
HCSG,15-Oct-2013,26.62,26.62,26.01,26.11,181300
HDNG,15-Oct-2013,15.21,15.41,14.75,14.78,21600
HDS,15-Oct-2013,21.15,21.29,20.47,20.47,2057200
HDSN,15-Oct-2013,2,2,1.96,1.97,33800
HEES,15-Oct-2013,24.99,25.1,24.68,24.93,96800
HELE,15-Oct-2013,45.43,45.63,45.06,45.28,91800
HFBC,15-Oct-2013,11.19,11.19,10.99,10.99,200
HFBL,15-Oct-2013,16.76,16.76,16.76,16.76,100
HFWA,15-Oct-2013,15.59,15.77,15.36,15.65,34200
HGSH,15-Oct-2013,7.96,8.07,7.83,7.96,800
HIBB,15-Oct-2013,55.08,55.42,54.62,55.06,352800
HIFS,15-Oct-2013,68.5,69.96,68.5,69.33,1200
HIHO,15-Oct-2013,2.41,2.75,2.33,2.75,115300
HIIQ,15-Oct-2013,13.53,13.65,13.35,13.5,36200
HIMX,15-Oct-2013,10.7,10.94,10.41,10.48,6140200
HLIT,15-Oct-2013,7.71,7.77,7.65,7.69,730200
HMNF,15-Oct-2013,7.65,7.91,7.6,7.87,1900
HMNY,15-Oct-2013,7.15,7.15,7.15,7.15,500
HMST,15-Oct-2013,19.24,20.01,19.11,19.4,62400
HMSY,15-Oct-2013,21.7,21.91,21.36,21.48,512700
HMTV,15-Oct-2013,10.49,10.49,9.46,10.36,5200
HNRG,15-Oct-2013,7.04,7.3,7,7.12,87900
HOFT,15-Oct-2013,16.03,16.41,15.32,15.38,24800
HOLI,15-Oct-2013,17.13,17.6,16.83,16.97,404000
HOLX,15-Oct-2013,22.11,22.28,22.01,22.08,2011100
HOMB,15-Oct-2013,15.585,15.68,15.39,15.515,132300
HOVNP,15-Oct-2013,14,14.25,13.8,14.2,2800
HPJ,15-Oct-2013,2.2,3.04,2.15,2.81,2076200
HRZN,15-Oct-2013,13.41,13.41,13.14,13.21,53300
HSIC,15-Oct-2013,107.77,108.77,107.5,108.45,654800
HSII,15-Oct-2013,18.92,19.19,18.8,18.99,64300
HSKA,15-Oct-2013,5.99,6.03,5.72,5.88,16300
HSNI,15-Oct-2013,53.1,53.35,51.79,52.3,240900
HSON,15-Oct-2013,3.38,3.46,3.37,3.46,3100
HSTM,15-Oct-2013,38.19,38.32,37.06,37.35,57900
HTBI,15-Oct-2013,16.14,16.22,16.11,16.2,88900
HTBK,15-Oct-2013,7.55,7.55,7.41,7.48,25200
HTBX,15-Oct-2013,11,11.31,10.52,10.82,41600
HTHT,15-Oct-2013,23.15,23.31,21.87,22.1,387600
HTLD,15-Oct-2013,14.15,14.24,14.04,14.13,223400
HTLF,15-Oct-2013,27.72,27.85,27.24,27.56,21500
HUBG,15-Oct-2013,35.22,35.83,34.85,35.51,187500
HURC,15-Oct-2013,25.74,26.22,25.18,25.67,32900
HURN,15-Oct-2013,55.45,55.52,54.67,54.96,106000
HWBK,15-Oct-2013,13.78,13.85,13.53,13.67,4600
HWCC,15-Oct-2013,13.63,13.76,13.56,13.57,28500
HWKN,15-Oct-2013,35.85,36.32,35.73,36,34100
HYGS,15-Oct-2013,11.37,11.7,11.26,11.29,11600
HYLS,15-Oct-2013,50.9,50.93,50.86,50.93,14500
HZNP,15-Oct-2013,3.74,3.87,3.69,3.75,542100
IART,15-Oct-2013,21.73,21.815,21.345,21.5,106300
IBB,15-Oct-2013,202.8,203.7,200.36,200.57,1244800
IBCP,15-Oct-2013,9.84,10,9.84,9.96,46900
IBKC,15-Oct-2013,55.04,55.2,54.32,54.36,94400
IBKR,15-Oct-2013,19.64,19.92,19.5,19.67,1088100
IBOC,15-Oct-2013,22.55,22.73,22.38,22.47,138900
IBTX,15-Oct-2013,35.9,36.23,35.71,35.81,15000
ICAD,15-Oct-2013,7,7.25,6.96,7.05,77400
ICCC,15-Oct-2013,4.55,4.55,4.55,4.55,0
ICFI,15-Oct-2013,34.85,35.15,34.69,35,40300
ICLN,15-Oct-2013,10.69,10.81,10.68,10.68,18500
ICLR,15-Oct-2013,39.89,39.97,39.52,39.57,175100
ICON,15-Oct-2013,32.59,32.77,31.88,31.92,716700
ICPT,15-Oct-2013,60,60.99,58.49,60.55,191000
ICUI,15-Oct-2013,66.04,66.79,65,65.75,202200
IDCC,15-Oct-2013,38.11,39.87,37.03,37.2,456000
IDRA,15-Oct-2013,2.21,2.42,2.15,2.23,1775700
IDSA,15-Oct-2013,1.71,1.8,1.71,1.76,17000
IDSY,15-Oct-2013,5.87,5.87,5.51,5.61,31600
IDTI,15-Oct-2013,10.13,10.18,9.94,9.98,1294300
IDXX,15-Oct-2013,52.84,53.435,52.46,52.59,294800
IEP,15-Oct-2013,84.64,86.01,84.37,84.8,62000
IESC,15-Oct-2013,5.01,5.2,4.7,5.05,30000
IFEU,15-Oct-2013,33.34,33.34,33.01,33.18,1200
IFGL,15-Oct-2013,33.72,33.74,33.57,33.6,48700
IFON,15-Oct-2013,0.56,0.58,0.55,0.58,30100
IGLD,15-Oct-2013,12.18,12.63,11.62,11.67,43100
IGOV,15-Oct-2013,100.54,100.59,100.18,100.59,11800
III,15-Oct-2013,4.09,4.19,4.01,4.16,195800
IIIN,15-Oct-2013,16.61,16.86,16.51,16.68,22400
IIJI,15-Oct-2013,13.72,13.92,13.72,13.84,9400
IIN,15-Oct-2013,4.54,4.54,3.88,4.08,9000
IIVI,15-Oct-2013,18.7,18.79,18.43,18.57,315100
IKNX,15-Oct-2013,18.67,18.67,18.26,18.27,500
ILMN,15-Oct-2013,81.29,81.99,80,80.23,717500
IMGN,15-Oct-2013,16.4,16.63,15.98,16.07,564900
IMI,15-Oct-2013,5.8,5.9,5.8,5.84,75600
IMKTA,15-Oct-2013,26.91,27.6,26.41,26.66,63500
IMMR,15-Oct-2013,13.56,13.69,13.45,13.54,168000
IMMU,15-Oct-2013,5.34,5.41,5.12,5.14,1312200
IMMY,15-Oct-2013,4.46,4.53,4.41,4.47,35400
IMOS,15-Oct-2013,17.41,17.61,17.06,17.08,98300
INAP,15-Oct-2013,6.92,6.92,6.63,6.65,309900
INBK,15-Oct-2013,27.07,27.6,27.07,27.6,10100
INCY,15-Oct-2013,36.1,38.2,36.03,37.19,979200
INDB,15-Oct-2013,36.55,36.58,36.25,36.35,41600
INDY,15-Oct-2013,22.87,22.87,22.62,22.62,50700
INFI,15-Oct-2013,13.87,15.09,13.87,14.64,2287900
INFN,15-Oct-2013,11.39,11.52,11.25,11.34,760800
INOD,15-Oct-2013,2.48,2.48,2.44,2.45,20400
INSM,15-Oct-2013,13.5,15,13.3,14.11,1420200
INSY,15-Oct-2013,13.1667,13.6667,12.9167,13.04,185500
INTC,15-Oct-2013,23.4,23.59,23.32,23.39,42957600
INTG,15-Oct-2013,19,19,19,19,1000
INTL,15-Oct-2013,20.83,20.84,20.56,20.61,53100
INTU,15-Oct-2013,67.11,67.41,66.73,66.76,2227700
INTX,15-Oct-2013,9.01,9.04,8.89,8.93,40500
INVE,15-Oct-2013,7.2,7.4,7,7.1,51700
INWK,15-Oct-2013,9.43,9.49,9.27,9.33,212800
IOSP,15-Oct-2013,46.29,46.29,45.6,45.78,38800
IPAR,15-Oct-2013,31,31.24,30.18,30.46,87200
IPAS,15-Oct-2013,2.1,2.12,1.94,1.96,131900
IPCC,15-Oct-2013,68.71,70.31,68.09,68.33,23300
IPCI,15-Oct-2013,1.93,1.95,1.88,1.91,47100
IPDN,15-Oct-2013,39.36,40,38.8,39.2,1900
IPGP,15-Oct-2013,61.76,61.84,61.05,61.4,380300
IPHS,15-Oct-2013,54.24,55,54.24,54.7,54400
IPXL,15-Oct-2013,19.74,19.8,19.39,19.42,536600
IRBT,15-Oct-2013,35.19,35.19,34.09,34.43,457700
IRDM,15-Oct-2013,6.64,6.67,6.51,6.52,546600
IRIX,15-Oct-2013,6,6,5.89,5.89,4600
IROQ,15-Oct-2013,16.03,16.03,16.03,16.03,0
IRWD,15-Oct-2013,10.67,11.15,10.55,10.87,1214700
ISBC,15-Oct-2013,8.7412,8.8,8.698,8.7137,93700
ISCA,15-Oct-2013,32.37,32.58,32.26,32.43,103500
ISHG,15-Oct-2013,94.84,95.35,94.84,95.04,6000
ISIG,15-Oct-2013,2.78,2.84,2.73,2.76,14700
ISM,15-Oct-2013,23.21,23.33,22.91,23.2,15400
ISNS,15-Oct-2013,7.1,7.11,7.07,7.07,5200
ISRG,15-Oct-2013,401.16,403.77,389.68,390.21,418600
ISRL,15-Oct-2013,122.01,125.48,121.9,123.5,1300
ISSC,15-Oct-2013,7.86,8,7.65,7.94,34100
ITIC,15-Oct-2013,75.37,77,75.27,76.66,12200
ITRI,15-Oct-2013,44.16,44.2,43.65,43.98,408900
ITRN,15-Oct-2013,18.49,18.52,18.36,18.48,10200
IVAC,15-Oct-2013,5.17,5.2,5,5.02,43400
IXYS,15-Oct-2013,10.71,10.71,10.34,10.42,26500
JACK,15-Oct-2013,39.63,39.63,39.12,39.14,174400
JAKK,15-Oct-2013,4.85,4.87,4.78,4.79,259800
JASO,15-Oct-2013,9.99,10.41,9.87,9.89,2780600
JAZZ,15-Oct-2013,84.44,84.83,82.53,82.62,552000
JBHT,15-Oct-2013,72.94,74.6,72.01,72.75,2169600
JBLU,15-Oct-2013,6.97,7.07,6.85,6.89,4793000
JBSS,15-Oct-2013,22.57,22.96,22.33,22.4,13200
JCOM,15-Oct-2013,53.87,54.39,53.26,53.64,276600
JCS,15-Oct-2013,10.47,10.68,10.42,10.58,13700
JCTCF,15-Oct-2013,10.73,10.9,10.63,10.9,10500
JJSF,15-Oct-2013,82.78,83.63,81.74,83.04,45600
JKHY,15-Oct-2013,53.32,53.32,52.79,52.82,239200
JMBA,15-Oct-2013,11,11.19,10.97,11.08,303700
JOBS,15-Oct-2013,36.565,37.305,36.565,36.965,21700
JOUT,15-Oct-2013,26.55,26.71,26.16,26.53,14600
JRJC,15-Oct-2013,2.62,3.27,2.5,3.01,1165300
JSM,15-Oct-2013,20.53,20.56,20.37,20.48,29800
JTPY,15-Oct-2013,3.6,3.75,3.35,3.6,12300
JVA,15-Oct-2013,5.71,5.84,5.62,5.68,41400
JXSB,15-Oct-2013,19.28,19.74,19.28,19.74,200
KALU,15-Oct-2013,72.27,73.11,71.68,72.21,416700
KCAP,15-Oct-2013,8.33,8.39,8.2,8.25,405400
KELYA,15-Oct-2013,19.91,20.09,19.59,19.74,76300
KELYB,15-Oct-2013,19.01,19.01,19.01,19.01,0
KEQU,15-Oct-2013,16.75,17.17,16.75,17.12,600
KERX,15-Oct-2013,8.96,9,8.61,8.76,3387600
KEYW,15-Oct-2013,12.85,13.08,12.75,12.85,123500
KFFB,15-Oct-2013,8.12,8.12,8.11,8.11,3200
KFRC,15-Oct-2013,17.87,17.99,17.73,17.92,55200
KGJI,15-Oct-2013,1.73,1.91,1.67,1.86,952700
KINS,15-Oct-2013,5.48,5.48,5.48,5.48,700
KIRK,15-Oct-2013,17.39,17.59,17.05,17.05,83500
KLAC,15-Oct-2013,62.4,62.7,61.92,61.95,1131700
KLIC,15-Oct-2013,13.29,13.38,12.9,13.03,1935300
KMDA,15-Oct-2013,16.6,16.68,16.1,16.55,24600
KNDI,15-Oct-2013,8.3,8.54,7.75,7.77,3212100
KONA,15-Oct-2013,11.75,11.75,11.63,11.71,53400
KONE,15-Oct-2013,3.2,3.2,3.19,3.2,400
KOOL,15-Oct-2013,22,22.6,20.4,21,107500
KOPN,15-Oct-2013,4.08,4.17,4.05,4.11,119600
KOSS,15-Oct-2013,5.22,5.25,5.16,5.16,8500
KRNY,15-Oct-2013,10.76,10.89,10.69,10.7,21600
KTCC,15-Oct-2013,10.58,10.64,10.52,10.59,37200
KTEC,15-Oct-2013,14.47,14.5,14.27,14.32,1700
KTOS,15-Oct-2013,8.34,8.36,8.25,8.28,439900
KVHI,15-Oct-2013,13.98,14.1,13.85,14.05,86600
LABL,15-Oct-2013,34.39,34.39,33.68,33.8,15100
LAKE,15-Oct-2013,5.1,5.21,5.01,5.09,2600
LAMR,15-Oct-2013,46.81,46.86,46.41,46.65,710300
LANC,15-Oct-2013,82.44,82.55,81.4,81.87,79600
LAND,15-Oct-2013,16.3,16.3,16.18,16.26,11100
LARK,15-Oct-2013,19.5,19.65,19.5,19.65,2800
LAWS,15-Oct-2013,12.15,12.3,11.95,11.98,3500
LAYN,15-Oct-2013,19.85,20.07,19.79,19.92,75500
LBAI,15-Oct-2013,11.7,11.78,11.63,11.74,37000
LBIX,15-Oct-2013,4.31,4.37,4.26,4.27,12500
LBTYA,15-Oct-2013,39.2182,39.535,39.162,39.3306,1626000
LBTYK,15-Oct-2013,73.12,73.39,72.74,72.94,417100
LCNB,15-Oct-2013,19.74,20,19.17,19.9,19300
LCUT,15-Oct-2013,15.07,15.3,14.94,14.95,39800
LECO,15-Oct-2013,69.05,69.06,67.61,68.18,274500
LEDS,15-Oct-2013,1.25,1.31,1.21,1.21,230800
LFUS,15-Oct-2013,79.16,79.68,77.36,77.92,63900
LFVN,15-Oct-2013,16.59,16.73,16.38,16.59,231700
LGCY,15-Oct-2013,27.46,28.02,27.43,27.73,140200
LGND,15-Oct-2013,47.68,48.27,47.43,48.06,122900
LHCG,15-Oct-2013,22.75,23.53,22.69,22.7,21300
LIFE,15-Oct-2013,74.94,75.04,74.91,75,1228700
LINC,15-Oct-2013,4.88,4.96,4.72,4.74,36200
LION,15-Oct-2013,14.73,14.87,14.53,14.59,30100
LIVE,15-Oct-2013,1.0667,1.11,1.0167,1.0233,36800
LKFN,15-Oct-2013,22.84,22.9467,22.6867,22.7867,71300
LKQ,15-Oct-2013,32.22,32.22,31.6,31.83,1187000
LLNW,15-Oct-2013,1.96,1.99,1.94,1.95,169700
LMAT,15-Oct-2013,6.83,6.95,6.79,6.95,19000
LMNR,15-Oct-2013,27,27.34,26.7,26.88,39200
LMNX,15-Oct-2013,18.25,18.5,18.02,18.31,220500
LNCE,15-Oct-2013,29.31,29.5,29.09,29.2,102800
LNDC,15-Oct-2013,11.6,12.09,11.53,12.06,280800
LOAN,15-Oct-2013,1.93,1.93,1.93,1.93,300
LOGI,15-Oct-2013,9.27,9.34,9.23,9.27,240000
LOGM,15-Oct-2013,31.22,31.23,30.33,30.49,90400
LOPE,15-Oct-2013,40.62,40.99,40.48,40.67,295500
LORL,15-Oct-2013,67.4,67.4,66.29,66.48,14700
LPLA,15-Oct-2013,38.43,39.06,38.43,38.61,813600
LPNT,15-Oct-2013,47.33,47.66,47.16,47.22,177000
LPSN,15-Oct-2013,9.54,9.57,9.34,9.41,207400
LPTH,15-Oct-2013,1.34,1.41,1.3,1.3,66600
LQDT,15-Oct-2013,27.28,27.28,26.29,26.38,415200
LRAD,15-Oct-2013,1.45,1.5,1.44,1.49,130800
LRCX,15-Oct-2013,53.28,53.42,52.54,52.62,1114400
LSBK,15-Oct-2013,11.58,11.58,11.58,11.58,0
LSCC,15-Oct-2013,4.68,4.7,4.48,4.51,839500
LSTR,15-Oct-2013,56.4,57.24,56.14,56.94,773700
LTBR,15-Oct-2013,9.15,9.65,9,9.2,99800
LTRX,15-Oct-2013,1.41,1.43,1.4,1.41,15000
LULU,15-Oct-2013,74.88,75.73,74.21,74.66,1384700
LUNA,15-Oct-2013,1.35,1.39,1.33,1.35,15200
LVNTA,15-Oct-2013,23.1106,23.3391,22.8477,22.86,132500
LVNTB,15-Oct-2013,93.19,93.19,93.19,93.19,100
LWAY,15-Oct-2013,13.9,13.95,13.72,13.87,11400
LXRX,15-Oct-2013,18.2,18.34,17.71,18.06,761100
LYTS,15-Oct-2013,9.24,9.24,9.09,9.09,29900
MACK,15-Oct-2013,3.49,3.66,3.48,3.54,1343500
MAGS,15-Oct-2013,3.41,3.47,3.4,3.45,3600
MAMS,15-Oct-2013,3.71,3.9,3.65,3.89,15300
MANH,15-Oct-2013,23.6275,23.75,23.445,23.625,80900
MANT,15-Oct-2013,29,29.12,28.72,28.74,122500
MARK,15-Oct-2013,3.89,4.03,3.79,4.02,8700
MARPS,15-Oct-2013,17.27,17.35,17.27,17.35,600
MASI,15-Oct-2013,27.44,27.69,26.44,27.3,194000
MAT,15-Oct-2013,41.74,41.99,41.45,41.55,2510200
MATR,15-Oct-2013,4.11,4.24,4.1,4.17,7400
MATW,15-Oct-2013,39.75,39.84,39.04,39.19,60500
MAYS,15-Oct-2013,25.5,25.5,25.5,25.5,0
MBFI,15-Oct-2013,29.35,29.57,29.12,29.15,209600
MBII,15-Oct-2013,17.41,17.85,17.2,17.75,29800
MBTF,15-Oct-2013,3.77,3.79,3.75,3.79,7500
MBWM,15-Oct-2013,21.66,22.1,21.66,21.87,27500
MCBC,15-Oct-2013,5.4,5.45,5.36,5.36,46600
MCEP,15-Oct-2013,24.54,25.2,24.46,24.88,147100
MCHP,15-Oct-2013,40.09,40.3,39.5,39.56,1632800
MCHX,15-Oct-2013,8.18,8.2,8.01,8.06,39200
MCRI,15-Oct-2013,20.1,20.44,19.91,20.25,44000
MDCA,15-Oct-2013,30.29,30.29,29.4,29.54,106100
MDCO,15-Oct-2013,32.78,32.86,32.15,32.51,556400
MDIV,15-Oct-2013,20.68,20.75,20.61,20.62,92200
MDLZ,15-Oct-2013,30.73,30.84,30.42,30.56,7339600
MDRX,15-Oct-2013,14.37,14.47,14.28,14.33,1330600
MDSO,15-Oct-2013,47.405,47.525,45.69,46.29,183100
MDXG,15-Oct-2013,4.9,4.9,4.65,4.69,206400
MEIP,15-Oct-2013,9.42,9.94,9.34,9.55,146600
MELI,15-Oct-2013,131.47,133.27,130.21,132.71,316100
MEOH,15-Oct-2013,54.47,54.9,54.32,54.48,375500
MERC,15-Oct-2013,7.48,7.5,7.46,7.46,8900
MFNC,15-Oct-2013,8.78,8.8,8.74,8.74,1000
MFSF,15-Oct-2013,15.93,16,15.85,15.86,1200
MGCD,15-Oct-2013,11.32,11.65,11.32,11.52,9600
MGEE,15-Oct-2013,36.46,36.46,35.56,35.9067,38700
MGI,15-Oct-2013,19.84,20.23,19.56,19.64,71400
MGIC,15-Oct-2013,6.16,6.22,6,6.12,93600
MGLN,15-Oct-2013,60.04,60.48,59.63,59.67,115300
MGNX,15-Oct-2013,25.06,25.99,23.1,25.01,322300
MGPI,15-Oct-2013,5.11,5.21,5.06,5.18,15600
MGRC,15-Oct-2013,35.42,35.83,34.37,35.02,48100
MGYR,15-Oct-2013,7.45,7.45,7.17,7.19,400
MHLD,15-Oct-2013,11.88,11.91,11.59,11.61,354500
MICT,15-Oct-2013,4.98,4.98,4.98,4.98,100
MICTW,15-Oct-2013,0.82,0.82,0.82,0.82,0
MIDD,15-Oct-2013,72.47,72.5167,70.58,70.6333,111700
MIND,15-Oct-2013,15.66,15.7,15.3,15.58,37500
MINI,15-Oct-2013,34.05,34.21,33.14,33.18,115400
MITK,15-Oct-2013,5.36,5.49,5.25,5.31,215700
MITL,15-Oct-2013,5.88,5.96,5.77,5.79,40500
MKSI,15-Oct-2013,28.38,28.42,27.95,28.08,157000
MKTX,15-Oct-2013,65.93,66.29,65.38,65.74,177500
MLAB,15-Oct-2013,72.19,72.56,70.4,70.67,12900
MLHR,15-Oct-2013,29.04,29.42,28.74,29,282900
MLNK,15-Oct-2013,2.8,2.96,2.77,2.91,230200
MLNX,15-Oct-2013,38.68,38.99,37.57,38.24,531700
MLVF,15-Oct-2013,12.75,12.75,12.75,12.75,100
MMLP,15-Oct-2013,46.37,47.63,46.37,47.12,36800
MMSI,15-Oct-2013,13.51,13.71,13.45,13.59,143100
MMYT,15-Oct-2013,14.37,14.37,13.93,14,29700
MNDO,15-Oct-2013,1.68,1.68,1.66,1.67,14800
MNGA,15-Oct-2013,6.8,6.8,6.5,6.5,7100
MNKD,15-Oct-2013,27.05,27.1,25.3,25.7,5317500
MNOV,15-Oct-2013,2.7,2.7,2.58,2.58,5200
MNRO,15-Oct-2013,46.63,47.14,45.48,45.7,160600
MNST,15-Oct-2013,18.32,18.5833,18.26,18.52,1755300
MNTA,15-Oct-2013,15.69,15.84,15.37,15.69,343400
MNTX,15-Oct-2013,11.29,11.35,11.2,11.24,43100
MOFG,15-Oct-2013,25.58,25.95,25.27,25.31,24200
MORN,15-Oct-2013,74.1,74.39,73.72,73.92,95000
MOSY,15-Oct-2013,40.7,40.7,39.8,40.1,88600
MPAA,15-Oct-2013,13.6,13.69,13.5,13.57,96800
MPB,15-Oct-2013,11.55,11.61,11.55,11.55,3700
MPWR,15-Oct-2013,31.32,31.42,30.82,30.94,177800
MRCC,15-Oct-2013,13.41,13.68,13.3,13.35,38700
MRCY,15-Oct-2013,9,9.16,8.45,8.47,411300
MRLN,15-Oct-2013,25.66,25.91,24.96,25.13,14500
MRTN,15-Oct-2013,16.3,16.77,16.2,16.53,103600
MRTX,15-Oct-2013,16.57,16.98,16.26,16.26,19100
MRVL,15-Oct-2013,11.53,11.56,11.31,11.31,5004500
MSBF,15-Oct-2013,7.39,7.39,7.39,7.39,0
MSCC,15-Oct-2013,25.16,25.37,25.04,25.15,449000
MSEX,15-Oct-2013,21.12,21.34,20.87,21.07,43600
MSFG,15-Oct-2013,15.41,15.56,14.59,14.91,21600
MSFT,15-Oct-2013,34.67,34.99,34.47,34.49,47107600
MSON,15-Oct-2013,4.07,4.14,4.07,4.14,200
MSTR,15-Oct-2013,101.64,101.66,95.22,96.19,252100
MTEX,15-Oct-2013,23.88,24.1,23.35,23.84,15400
MTGE,15-Oct-2013,19.59,19.67,19.27,19.32,681700
MTRX,15-Oct-2013,20.18,20.35,19.96,20.24,112800
MTSC,15-Oct-2013,64.5,64.58,64.07,64.25,23300
MTSI,15-Oct-2013,16.88,16.88,16.34,16.48,17000
MTSL,15-Oct-2013,2.9,3.44,2.6,2.7,1714200
MU,15-Oct-2013,17.08,17.43,16.84,16.92,63043800
MVIS,15-Oct-2013,1.78,1.84,1.65,1.68,286300
MXIM,15-Oct-2013,30.05,30.08,29.62,29.69,1575700
MXWL,15-Oct-2013,8.36,8.62,8.26,8.33,382700
MYGN,15-Oct-2013,23.84,23.89,22.69,23.24,2859400
MYL,15-Oct-2013,39.54,39.67,39.03,39.19,2694700
MYRG,15-Oct-2013,25.54,25.6,25,25.18,59800
MZOR,15-Oct-2013,19.65,19.74,18.62,19.12,165400
NAII,15-Oct-2013,5.9,5.99,5.89,5.99,900
NANO,15-Oct-2013,16.62,16.68,16.4,16.51,49000
NATH,15-Oct-2013,53.16,54,52.16,53.19,22900
NATI,15-Oct-2013,30.89,31.07,30.47,30.5,362800
NATR,15-Oct-2013,19.22,19.3,18.85,18.96,27600
NAUH,15-Oct-2013,3.43,3.46,3.4,3.4,27800
NAVG,15-Oct-2013,28.235,28.36,27.905,27.98,56700
NBIX,15-Oct-2013,10.22,10.3,9.92,9.99,1176100
NBN,15-Oct-2013,10.05,10.05,9.6,9.75,9200
NBTB,15-Oct-2013,23.45,23.5,23.25,23.39,99500
NCMI,15-Oct-2013,18.82,18.99,18.65,18.81,4027300
NCTY,15-Oct-2013,2.77,2.93,2.73,2.91,271800
NDAQ,15-Oct-2013,33.54,33.83,33.19,33.33,955100
NDLS,15-Oct-2013,48.72,49.75,45.53,45.99,650000
NDSN,15-Oct-2013,73.61,73.61,72.58,72.84,200200
NEO,15-Oct-2013,2.81,2.94,2.81,2.84,124900
NEOG,15-Oct-2013,42.6467,42.6467,41.7067,42.06,55800
NEON,15-Oct-2013,5.57,5.58,5.41,5.42,445000
NEPT,15-Oct-2013,3.5,3.65,3.4,3.6,180100
NETE,15-Oct-2013,44.6,44.6,40.9,43.1,2900
NEWS,15-Oct-2013,18.64,18.81,18.51,18.66,25600
NEWT,15-Oct-2013,15.1,15.3,14.55,14.7,64300
NFBK,15-Oct-2013,12.45,12.45,12.32,12.4,62600
NFEC,15-Oct-2013,2.1,2.1,1.9,1.95,158500
NFLX,15-Oct-2013,46.4429,46.7614,45.62,45.9557,3844200
NICE,15-Oct-2013,40.74,40.74,40.32,40.37,76800
NICK,15-Oct-2013,16.9,17.2,16.79,16.99,28300
NIHD,15-Oct-2013,5.95,6.13,5.71,5.8,3825200
NKSH,15-Oct-2013,36.45,36.92,35,35.8,19400
NKTR,15-Oct-2013,9.82,9.87,9.55,9.58,919200
NLNK,15-Oct-2013,19.29,19.49,18.5,18.58,453800
NLST,15-Oct-2013,0.75,0.79,0.74,0.78,18400
NNBR,15-Oct-2013,16.15,16.45,16,16.27,101000
NRCIA,15-Oct-2013,17.9,18,17.4,17.79,9900
NRCIB,15-Oct-2013,29.23,29.23,28.29,28.56,4800
NRIM,15-Oct-2013,23.84,24.26,23.5,23.61,27800
NSEC,15-Oct-2013,6.56,6.56,6.47,6.47,400
NSIT,15-Oct-2013,19.33,19.58,19.28,19.46,121600
NSSC,15-Oct-2013,5.06,5.25,5.06,5.2,39800
NSTG,15-Oct-2013,11.11,11.11,10.55,10.78,27400
NSYS,15-Oct-2013,4.82,4.82,4.82,4.82,300
NTAP,15-Oct-2013,41.26,41.44,40.34,40.7,12023600
NTCT,15-Oct-2013,25.26,25.39,24.75,24.83,235900
NTES,15-Oct-2013,69.49,70.49,68.9,69.39,777300
NTGR,15-Oct-2013,31.51,31.78,31.12,31.39,241700
NTIC,15-Oct-2013,18.75,18.75,18.2,18.65,9300
NTRI,15-Oct-2013,14.87,15.15,14.82,14.94,307200
NTRS,15-Oct-2013,54.97,55.25,54.18,54.48,1785500
NTWK,15-Oct-2013,7.71,7.73,7.35,7.39,175900
NUAN,15-Oct-2013,18.2,18.25,17.62,17.69,6485400
NURO,15-Oct-2013,51.2,59.84,51.2,52.16,162300
NUVA,15-Oct-2013,25.67,25.79,25.26,25.28,238100
NVAX,15-Oct-2013,2.97,3.04,2.87,2.88,1378800
NVDA,15-Oct-2013,15.49,15.58,15.4,15.41,5221600
NVEC,15-Oct-2013,51.99,52.03,50.91,51.69,24500
NVEE,15-Oct-2013,9.03,9.03,9.03,9.03,400
NVMI,15-Oct-2013,8.72,8.81,8.71,8.75,30400
NWBI,15-Oct-2013,13.75,13.8,13.7,13.76,772200
NWFL,15-Oct-2013,27.83,27.86,27.83,27.86,400
NWLI,15-Oct-2013,210.33,210.33,205,205,2900
NWPX,15-Oct-2013,36.17,36.26,35.39,35.5,44400
NWS,15-Oct-2013,17.04,17.18,16.94,17.16,1436800
NWSA,15-Oct-2013,16.46,16.67,16.42,16.58,4406700
NXPI,15-Oct-2013,38.25,38.5,37.44,37.47,1385500
NXST,15-Oct-2013,47.14,48.19,46.55,46.94,493700
NXTM,15-Oct-2013,13.4,13.62,13.23,13.29,219800
NYMT,15-Oct-2013,6.2,6.25,6.12,6.12,561400
NYMTP,15-Oct-2013,19.9,20.24,19.82,20.2,9100
NYMX,15-Oct-2013,7.32,7.79,7.31,7.77,130900
NYNY,15-Oct-2013,19.1,20.2,18.75,18.75,42200
OBAS,15-Oct-2013,6.3,6.45,6.04,6.31,2700
OBCI,15-Oct-2013,2.47,2.49,2.45,2.49,6600
OCC,15-Oct-2013,3.94,3.98,3.75,3.97,4000
OCFC,15-Oct-2013,17.68,17.68,17.26,17.28,24200
OCLR,15-Oct-2013,2.11,2.17,2.05,2.13,1597700
ODFL,15-Oct-2013,47.33,47.51,46.65,46.84,600200
OFED,15-Oct-2013,16.55,16.55,16.55,16.55,200
OFIX,15-Oct-2013,19.95,20.01,19.73,19.86,229700
OFLX,15-Oct-2013,20.24,20.55,19.71,20.21,9300
OFS,15-Oct-2013,12.67,12.69,12.41,12.6,42400
OHRP,15-Oct-2013,7.35,7.64,7.26,7.39,29500
OIIM,15-Oct-2013,3.1,3.15,3.1,3.1,8800
OLBK,15-Oct-2013,13.24,13.4,13.2,13.2,11400
OLED,15-Oct-2013,33.24,33.5,32.15,32.22,666100
OMAB,15-Oct-2013,28.3,28.3,27.53,27.7,12500
OMCL,15-Oct-2013,24.27,24.32,23.45,23.47,364800
OMED,15-Oct-2013,14,14.36,13.51,13.57,56400
OMER,15-Oct-2013,11.64,12.55,11.56,11.72,911900
OMEX,15-Oct-2013,31.92,32.4,31.44,31.68,930000
ONB,15-Oct-2013,14.48,14.55,14.35,14.47,326600
ONEQ,15-Oct-2013,149.99,150.59,149.21,149.46,27400
ONTX,15-Oct-2013,226.4,230.8,217,219.6,160800
OPHC,15-Oct-2013,15,15.5,14.5,15.1,13300
OPHT,15-Oct-2013,28,28.23,27.25,27.59,68300
OPOF,15-Oct-2013,12.9,12.9,12.9,12.9,0
OPTT,15-Oct-2013,17.5,17.5,16.7,17.2,16200
ORBC,15-Oct-2013,5.75,5.75,5.62,5.7,96200
ORBK,15-Oct-2013,11.85,11.96,11.79,11.79,92300
OREX,15-Oct-2013,56.8,57.1,55.2,55.8,920200
ORIG,15-Oct-2013,18.34,18.45,18,18.11,159100
ORIT,15-Oct-2013,16.49,16.56,16.43,16.48,151900
ORLY,15-Oct-2013,129.49,129.98,128.4,129.08,627600
ORMP,15-Oct-2013,6.31,6.75,6.25,6.4,26000
ORRF,15-Oct-2013,17.17,17.75,17.03,17.5,29900
OSBC,15-Oct-2013,5.65,5.69,5.57,5.6,8600
OSBCP,15-Oct-2013,11.65,11.65,11.65,11.65,4000
OSIS,15-Oct-2013,75.32,76.49,75.32,75.68,61500
OSN,15-Oct-2013,1.86,2.37,1.86,2.04,37900
OSTK,15-Oct-2013,29.21,29.71,28.98,29.41,179800
OSUR,15-Oct-2013,6.39,6.39,6.22,6.3,292700
OTEL,15-Oct-2013,7.8,7.96,7.8,7.81,4200
OTEX,15-Oct-2013,18.865,19.1,18.7625,18.7975,89100
OTIV,15-Oct-2013,1.52,1.55,1.48,1.48,53800
OTTR,15-Oct-2013,28.63,28.67,27.91,28,66400
OVAS,15-Oct-2013,9.85,9.9,9.67,9.76,10100
OVBC,15-Oct-2013,20.4,20.4,20.4,20.4,100
OVLY,15-Oct-2013,7.86,7.86,7.86,7.86,100
OXLC,15-Oct-2013,15.29,15.35,15.21,15.26,8100
OXLCO,15-Oct-2013,23.65,23.65,23.45,23.5,1400
OZRK,15-Oct-2013,24.475,24.675,24.13,24.255,128900
PAAS,15-Oct-2013,9.85,10.27,9.81,10.17,2179300
PACB,15-Oct-2013,4.9,5.02,4.87,4.92,469400
PACW,15-Oct-2013,36.62,36.77,36.23,36.26,485000
PAGG,15-Oct-2013,28.86,28.87,28.72,28.75,10200
PATK,15-Oct-2013,19.1333,19.4,18.6067,19.04,78200
PAYX,15-Oct-2013,40.81,40.82,40.57,40.72,2064000
PBCT,15-Oct-2013,14.73,14.77,14.62,14.69,3714600
PBHC,15-Oct-2013,13.5,13.5,13.5,13.5,100
PBIB,15-Oct-2013,0.99,1.11,0.99,1.06,9900
PBIP,15-Oct-2013,10.88,10.88,10.7,10.8,165400
PBPB,15-Oct-2013,25.96,26.43,23.76,25.68,2133200
PBSK,15-Oct-2013,14.35,14.35,14.35,14.35,500
PCAR,15-Oct-2013,56.19,56.62,55.81,55.96,1138700
PCH,15-Oct-2013,41.68,41.88,41.39,41.77,211000
PCLN,15-Oct-2013,1016.15,1031.88,1013,1021.51,475400
PCMI,15-Oct-2013,9.78,9.8,9.74,9.75,10400
PCOM,15-Oct-2013,22.66,22.98,22.56,22.64,12500
PCRX,15-Oct-2013,53.82,54.39,53.26,53.58,226100
PCTI,15-Oct-2013,9.1,9.1,8.62,9,29200
PCYO,15-Oct-2013,5.71,5.89,5.69,5.7,44800
PDCE,15-Oct-2013,63.86,65.74,63.8,64.24,430400
PDCO,15-Oct-2013,40.23,40.36,39.67,39.82,933000
PDEX,15-Oct-2013,2.47,2.48,2.35,2.38,24500
PDFS,15-Oct-2013,22.37,22.49,22.01,22.12,87000
PDLI,15-Oct-2013,7.99,8.05,7.91,7.92,1398600
PEBK,15-Oct-2013,12.45,12.5,12.45,12.46,900
PEBO,15-Oct-2013,22.25,22.47,21.81,21.82,23800
PEGA,15-Oct-2013,19.32,19.5,18.62,18.64,78600
PEGI,15-Oct-2013,23.03,23.05,22.34,22.5,383300
PEIX,15-Oct-2013,3.62,3.68,3.52,3.56,166900
PENN,15-Oct-2013,56.08,56.35,55.58,55.9,852700
PERI,15-Oct-2013,13.66,13.89,13.35,13.36,126200
PERY,15-Oct-2013,18.32,18.49,18.31,18.42,44100
PESI,15-Oct-2013,2.86,3.49,2.85,3.3,54400
PETS,15-Oct-2013,16.5,16.65,16.44,16.48,144100
PETX,15-Oct-2013,26.01,28.3,25.52,27.67,311400
PFBC,15-Oct-2013,19.96,20.12,19.58,19.63,29100
PFBI,15-Oct-2013,11.97,11.97,11.9,11.95,2900
PFIN,15-Oct-2013,7.44,7.66,7.44,7.66,6300
PFLT,15-Oct-2013,13.4,13.49,13.35,13.36,34600
PFMT,15-Oct-2013,9.7,9.97,9.33,9.33,194300
PFPT,15-Oct-2013,29.71,29.77,29.32,29.58,140200
PFSW,15-Oct-2013,6.98,7.07,6.85,6.97,36200
PGC,15-Oct-2013,18.95,18.95,18.36,18.65,10100
PGNX,15-Oct-2013,4.12,4.14,4.02,4.07,309300
PHII,15-Oct-2013,37.4,37.5,37.4,37.47,3300
PHIIK,15-Oct-2013,40.25,40.69,40.1,40.1,14300
PICO,15-Oct-2013,24.04,24.06,23.8,23.99,100100
PINC,15-Oct-2013,30.68,31.48,30.36,30.91,329700
PKBK,15-Oct-2013,8.8,8.8,8.8,8.8,2200
PKOH,15-Oct-2013,39.5,39.75,38.58,39.2,13200
PLAB,15-Oct-2013,8.63,8.64,8.33,8.42,168000
PLBC,15-Oct-2013,6.05,6.15,6.05,6.14,900
PLCE,15-Oct-2013,52.09,52.21,51.51,51.93,465900
PLPC,15-Oct-2013,71.63,72.47,71.13,71.89,13600
PLUG,15-Oct-2013,0.63,0.65,0.6,0.62,1520300
PLUS,15-Oct-2013,26.8,26.99,26.755,26.78,6200
PLXS,15-Oct-2013,38.19,38.43,37.92,38.09,125500
PMBC,15-Oct-2013,6.2,6.3,6.2,6.2,9400
PMD,15-Oct-2013,13.07,13.26,13,13.11,22700
PME,15-Oct-2013,2.43,2.87,2.4,2.68,384800
PNBK,15-Oct-2013,13.2,13.3,13,13.2,3700
PNFP,15-Oct-2013,31.68,31.97,31.53,31.62,176300
PNNT,15-Oct-2013,11.12,11.17,11.01,11.01,281100
PNQI,15-Oct-2013,61.42,61.68,60.76,60.97,63300
PNRG,15-Oct-2013,38.11,45.48,38.11,44.59,900
PNTR,15-Oct-2013,5.7,5.75,5.69,5.71,3100
PODD,15-Oct-2013,36.22,36.41,35.31,35.35,281200
POOL,15-Oct-2013,54.81,54.95,54.35,54.82,175800
POPE,15-Oct-2013,66.72,67,66.01,66.96,3900
POWI,15-Oct-2013,56.1,56.49,55.18,55.29,92200
POWL,15-Oct-2013,64.06,64.61,62.78,62.99,23400
PPBI,15-Oct-2013,13.68,13.74,13.59,13.72,21500
PPC,15-Oct-2013,15.95,16.23,15.9,15.93,700800
PPHM,15-Oct-2013,1.4,1.41,1.39,1.39,741500
PPSI,15-Oct-2013,7.81,7.81,7.81,7.81,0
PRAA,15-Oct-2013,60.55,60.8,59.14,59.19,407700
PRAN,15-Oct-2013,24,24,22.8,23.34,237800
PRCP,15-Oct-2013,13.25,13.31,12.75,13.15,138300
PRFT,15-Oct-2013,19.85,20.11,19.3,20.1,270200
PRFZ,15-Oct-2013,90.87,91,90.01,90.25,43800
PRGS,15-Oct-2013,26.08,26.14,25.69,25.69,196100
PRGX,15-Oct-2013,6.43,6.49,6.36,6.45,55000
PRIM,15-Oct-2013,25.85,26.1,25.64,25.87,368900
PRKR,15-Oct-2013,24.5,30.7,22.3,29.3,4503100
PRMW,15-Oct-2013,2.55,2.6,2.54,2.55,46100
PROV,15-Oct-2013,17,17,16.68,16.94,24900
PRPH,15-Oct-2013,1.8,1.8,1.8,1.8,1000
PRSC,15-Oct-2013,28.96,28.96,27.66,27.98,54800
PRSS,15-Oct-2013,5.75,6.09,5.75,6,10200
PRTA,15-Oct-2013,20.27,20.43,19.75,20.33,143700
PRTS,15-Oct-2013,1.72,1.81,1.61,1.66,97500
PSAU,15-Oct-2013,19.8,20.45,19.74,20.42,8500
PSCC,15-Oct-2013,47.16,47.18,46.84,46.98,5000
PSCD,15-Oct-2013,45.12,46.41,44,44.06,10800
PSCE,15-Oct-2013,48.13,48.19,47.6,47.77,11300
PSCF,15-Oct-2013,37.49,37.58,37.33,37.34,5900
PSCH,15-Oct-2013,49.86,49.86,49.23,49.3,17200
PSCI,15-Oct-2013,42.06,42.06,41.03,41.18,10900
PSCM,15-Oct-2013,40.33,41.44,39.53,39.63,4100
PSCT,15-Oct-2013,41.8,41.8,41.14,41.21,30100
PSCU,15-Oct-2013,32.81,32.81,32.73,32.73,1000
PSDV,15-Oct-2013,4.3,4.9,4.19,4.51,843900
PSEC,15-Oct-2013,11.08,11.09,11,11.01,2148600
PSMT,15-Oct-2013,99.85,100.57,98.72,99.48,89000
PSTI,15-Oct-2013,3.44,3.44,3.32,3.39,91100
PTCT,15-Oct-2013,17.67,18.91,16.9,18.28,88200
PTEN,15-Oct-2013,23.15,23.15,22.67,22.75,3384400
PTIE,15-Oct-2013,20.37,20.65,19.67,19.88,151300
PTLA,15-Oct-2013,22.35,23.25,22.35,22.83,166300
PTNR,15-Oct-2013,8.42,8.54,8.34,8.42,24400
PTSI,15-Oct-2013,16.8,17.22,15.59,16.31,46200
PTX,15-Oct-2013,2.42,2.46,2.29,2.37,45600
PWOD,15-Oct-2013,50.7,50.75,48.25,48.8,8200
PXLW,15-Oct-2013,4.74,4.95,4.69,4.83,360400
PZZA,15-Oct-2013,35.9,36.11,35.345,35.495,91300
QABA,15-Oct-2013,32.95,33.19,32.83,32.94,6100
QADA,15-Oct-2013,13.87,14.38,13.59,13.88,18800
QADB,15-Oct-2013,12.23,12.25,12.23,12.25,200
QBAK,15-Oct-2013,7.98,7.98,7.98,7.98,500
QCLN,15-Oct-2013,17.3,17.42,17.05,17.12,60600
QCOM,15-Oct-2013,67.92,68.7,67.8,68.17,7729000
QCRH,15-Oct-2013,16.17,16.17,16.17,16.17,400
QDEL,15-Oct-2013,25.63,25.93,25.5,25.84,181600
QIWI,15-Oct-2013,38.9,40.07,38.41,38.83,395800
QLYS,15-Oct-2013,22.13,22.5,21,21.2,70400
QNST,15-Oct-2013,9.38,9.51,9.38,9.45,108400
QQEW,15-Oct-2013,33.98,33.98,33.64,33.69,70100
QQQ,15-Oct-2013,79.71,80.11,79.38,79.48,38683900
QQQC,15-Oct-2013,21.37,21.37,20.9,20.9,7600
QQQX,15-Oct-2013,16.6,16.62,16.44,16.49,48400
QQXT,15-Oct-2013,32.48,32.56,32.31,32.35,19400
QSII,15-Oct-2013,22.84,22.92,22.63,22.66,267500
QTEC,15-Oct-2013,32.83,32.85,32.5,32.58,14600
QUIK,15-Oct-2013,2.91,2.91,2.82,2.85,71900
QUMU,15-Oct-2013,13.06,13.11,12.77,13.04,14400
RADA,15-Oct-2013,2.96,2.96,2.8,2.82,9500
RAIL,15-Oct-2013,21.7,22,21.33,21.83,148400
RAND,15-Oct-2013,2.95,2.95,2.95,2.95,100
RAVN,15-Oct-2013,31.91,32.19,31.74,31.78,100100
RBCAA,15-Oct-2013,25.09,25.23,24.93,25.13,42900
RBCN,15-Oct-2013,97.2,101.6,96,98.1,382400
RCII,15-Oct-2013,37.18,37.38,36.62,36.66,357600
RCKY,15-Oct-2013,18.75,18.89,18.69,18.71,14500
RCMT,15-Oct-2013,6.12,6.27,6.07,6.27,17300
RCON,15-Oct-2013,4.45,5.2,4.45,5,948800
RDCM,15-Oct-2013,4.75,5,4.56,5,6000
RDHL,15-Oct-2013,10.2,10.24,10.05,10.05,5200
RDI,15-Oct-2013,6.49,6.5,6.48,6.49,10800
RDNT,15-Oct-2013,2.46,2.49,2.46,2.49,12300
RDWR,15-Oct-2013,14.07,14.14,13.97,14.04,220200
RECN,15-Oct-2013,12.21,12.41,12.21,12.27,360400
REFR,15-Oct-2013,4.69,4.69,4.51,4.56,63000
REGI,15-Oct-2013,13.78,14.26,13.36,13.67,542400
REGN,15-Oct-2013,294,298.09,290,290.43,430500
REIS,15-Oct-2013,16.35,16.48,16.15,16.45,14200
RELL,15-Oct-2013,11.44,11.61,11.44,11.46,14300
RELV,15-Oct-2013,16.24,16.59,16.03,16.45,7300
REXX,15-Oct-2013,230.1,235.1,224.1,225.6,601400
RFIL,15-Oct-2013,7.67,7.98,7.66,7.89,84500
RGCO,15-Oct-2013,12.2067,12.2533,12.2067,12.2333,2000
RGEN,15-Oct-2013,10.61,10.64,10.26,10.38,162100
RGLD,15-Oct-2013,45.52,47.12,45.15,46.81,1015800
RGLS,15-Oct-2013,8.65,8.78,8.6,8.61,48600
RICK,15-Oct-2013,11.96,12.17,11.64,11.73,68300
RIGL,15-Oct-2013,3.38,3.47,3.29,3.4,737600
RLJE,15-Oct-2013,15.24,15.81,15.03,15.21,30400
RLOG,15-Oct-2013,4.83,4.85,4.81,4.83,25400
RMBS,15-Oct-2013,9.61,9.63,9.32,9.39,1478000
RMCF,15-Oct-2013,12.59,12.7,12.5,12.68,12000
RMGN,15-Oct-2013,7.7,8.29,7.7,8.29,3600
RMTI,15-Oct-2013,10.9,11.2,10.77,10.89,1435600
RNET,15-Oct-2013,39.18,40.52,39.18,39.92,114700
RNST,15-Oct-2013,28.94,29.03,28.51,28.77,160600
RNWK,15-Oct-2013,8.41,8.5,8.21,8.46,78300
ROCK,15-Oct-2013,14.44,14.68,14.35,14.51,78200
ROIC,15-Oct-2013,14.01,14.04,13.86,13.91,393100
ROLL,15-Oct-2013,65.45,65.55,64.88,65.2,35900
ROSE,15-Oct-2013,55.96,56.72,55.52,56,608600
ROSG,15-Oct-2013,3.2,3.25,3.16,3.16,61400
ROST,15-Oct-2013,36.33,36.41,36.165,36.245,1089500
RP,15-Oct-2013,24.66,24.71,23.8,24.39,233900
RPRX,15-Oct-2013,24.81,25.36,24.05,24.26,341000
RPXC,15-Oct-2013,17.88,18.02,17.71,17.79,318400
RRGB,15-Oct-2013,72.95,73.79,72.3,72.64,106600
RSYS,15-Oct-2013,3.22,3.29,3.15,3.15,66200
RTIX,15-Oct-2013,3.94,3.98,3.89,3.9,121400
RUSHA,15-Oct-2013,27.94,28.09,27.72,27.84,72800
RUSHB,15-Oct-2013,23.62,23.75,23.49,23.62,12100
RUTH,15-Oct-2013,11.75,11.85,11.43,11.5,128500
RVLT,15-Oct-2013,47.1,47.1,41.5,42.2,1822300
RVSB,15-Oct-2013,2.66,2.66,2.54,2.63,8700
RYAAY,15-Oct-2013,48.36,49.34,48.25,49.11,286400
SAEX,15-Oct-2013,1277.1,1282.5,1262.25,1262.25,5600
SAFM,15-Oct-2013,64.71,65.18,64.15,64.75,100700
SAFT,15-Oct-2013,54.68,55.83,54.2,54.66,25800
SAIA,15-Oct-2013,32.96,33.18,32.65,32.82,301900
SAL,15-Oct-2013,26.89,26.89,26.47,26.5,900
SALM,15-Oct-2013,8.43,8.45,8.26,8.28,11300
SAMG,15-Oct-2013,14.91,14.95,14.5,14.74,31300
SANM,15-Oct-2013,17.27,17.39,17.07,17.1,554200
SANW,15-Oct-2013,7.41,7.84,7.41,7.54,61800
SASR,15-Oct-2013,24.78,24.78,24.18,24.2,32900
SATS,15-Oct-2013,46.69,47.24,46.59,46.77,74800
SBAC,15-Oct-2013,79.75,80.51,79.65,79.94,846500
SBBX,15-Oct-2013,6.61,6.61,6.61,6.61,0
SBCF,15-Oct-2013,10.85,10.85,10.5,10.55,120100
SBFG,15-Oct-2013,7.8,8,7.8,8,1800
SBGI,15-Oct-2013,34.54,34.95,33.91,34.29,826000
SBLK,15-Oct-2013,41.3,42.2,40.2,40.65,220800
SBNY,15-Oct-2013,94.75,95.27,93.94,94.66,188800
SBNYW,15-Oct-2013,64.44,64.44,64.44,64.44,1000
SBRA,15-Oct-2013,24,24.18,23.74,23.91,199700
SBRAP,15-Oct-2013,24,24.4,23.99,24.32,4300
SBSI,15-Oct-2013,27.85,27.9,27.36,27.7,28700
SBUX,15-Oct-2013,38.915,38.945,38.3,38.355,4073400
SCHL,15-Oct-2013,28.51,28.74,28.19,28.29,401100
SCHN,15-Oct-2013,28.4,28.96,28.4,28.63,148300
SCMP,15-Oct-2013,6.4,6.49,6.18,6.37,125300
SCON,15-Oct-2013,24.45,26.25,24.45,25.05,315900
SCSC,15-Oct-2013,35.34,35.37,34.67,34.68,114000
SCVL,15-Oct-2013,26.85,26.86,26.46,26.52,18800
SEAC,15-Oct-2013,13.23,13.35,13.15,13.25,288000
SEED,15-Oct-2013,1.7,1.82,1.7,1.76,107000
SEIC,15-Oct-2013,31.73,31.88,31.49,31.56,404800
SENEA,15-Oct-2013,30.15,30.48,29.76,29.93,43200
SENEB,15-Oct-2013,30.5,30.5,30.5,30.5,0
SFBC,15-Oct-2013,15.26,15.73,15.26,15.73,10000
SFLY,15-Oct-2013,53.41,53.75,52.6,53.24,476600
SFM,15-Oct-2013,46.5,46.74,45.84,46.42,504300
SFNC,15-Oct-2013,32,32,31.79,31.86,29500
SFST,15-Oct-2013,13.25,13.3,13.25,13.29,10400
SGC,15-Oct-2013,13,13.18,12.9,13.11,1900
SGEN,15-Oct-2013,39.75,40.03,39.5,39.73,913500
SGMA,15-Oct-2013,5.24,5.33,5.13,5.3,1800
SGMO,15-Oct-2013,11.37,11.55,11.09,11.28,806400
SGMS,15-Oct-2013,17.64,18,17.58,17.95,641700
SGOC,15-Oct-2013,12.48,12.6,12.28,12.56,6300
SGRP,15-Oct-2013,1.9,1.9,1.9,1.9,100
SGYP,15-Oct-2013,4.36,4.43,4.22,4.25,334700
SHBI,15-Oct-2013,9.22,9.41,9.2,9.33,16200
SHEN,15-Oct-2013,13.155,13.25,12.965,13.08,82300
SHIP,15-Oct-2013,7.65,7.65,6.9,7.6,33200
SHLD,15-Oct-2013,54.77,56.06,53.02,53.94,1845600
SHLM,15-Oct-2013,29.99,30.35,29.68,30.27,99300
SHLO,15-Oct-2013,14.21,14.5,14.21,14.44,101200
SHOO,15-Oct-2013,35.4,35.62,34.5,34.6,546800
SHOS,15-Oct-2013,29.32,29.36,28.45,28.62,163100
SHPG,15-Oct-2013,118.67,119.45,118.08,118.55,203700
SIEB,15-Oct-2013,1.64,1.64,1.64,1.64,0
SIFI,15-Oct-2013,11.82,11.92,11.82,11.89,3500
SIFY,15-Oct-2013,2.19,2.22,2.04,2.13,211900
SIGI,15-Oct-2013,24.47,24.76,24.44,24.6,242200
SIGM,15-Oct-2013,5.67,5.7,5.59,5.63,99100
SILC,15-Oct-2013,35.96,36.5,35.68,36.11,14700
SIMO,15-Oct-2013,13,13.08,12.93,12.98,144100
SINA,15-Oct-2013,85.85,88.23,84.64,85.68,2528900
SINO,15-Oct-2013,2.06,2.38,2.06,2.22,47200
SIRI,15-Oct-2013,3.92,3.95,3.86,3.9,35693200
SIVB,15-Oct-2013,94.29,95.8,93.42,93.62,324100
SKYW,15-Oct-2013,14.22,14.52,14.18,14.38,268800
SKYY,15-Oct-2013,24.75,24.75,24.37,24.4,46700
SLAB,15-Oct-2013,43.36,43.73,42.99,43.29,292100
SLGN,15-Oct-2013,23.415,23.52,23.345,23.375,113900
SLM,15-Oct-2013,8.9893,9.0571,8.9286,8.9893,2799000
SLMBP,15-Oct-2013,67.99,69,67.99,68.65,1900
SLP,15-Oct-2013,4.75,4.84,4.75,4.79,26400
SLRC,15-Oct-2013,22.53,22.53,22.14,22.19,184500
SLVO,15-Oct-2013,17.28,17.28,17.05,17.2,10600
SMBC,15-Oct-2013,13.81,13.81,13.58,13.58,1200
SMCI,15-Oct-2013,14.36,14.37,14.08,14.16,124200
SMED,15-Oct-2013,3.15,3.17,3.12,3.15,3100
SMIT,15-Oct-2013,2.53,2.55,2.52,2.55,4900
SMMF,15-Oct-2013,8.9,8.9,8.88,8.9,3600
SMPL,15-Oct-2013,15.49,15.55,15.42,15.51,9700
SMRT,15-Oct-2013,14.35,14.56,13.95,14.06,127900
SMSI,15-Oct-2013,3.56,3.6,3.32,3.32,47000
SMTC,15-Oct-2013,31.64,31.76,30.96,31,567600
SMTX,15-Oct-2013,1.97,2.02,1.97,1.98,8100
SNBC,15-Oct-2013,18.35,18.55,17.95,18.2,49400
SNCR,15-Oct-2013,37.06,37.25,36.56,36.96,268600
SNFCA,15-Oct-2013,5.79,5.86,5.72,5.76,66700
SNHY,15-Oct-2013,38.11,38.41,37.31,37.55,52900
SNMX,15-Oct-2013,3.65,3.7,3.6,3.7,37400
SNPS,15-Oct-2013,37.97,37.97,37.32,37.41,390000
SNSS,15-Oct-2013,28.8,29.22,28.56,28.86,91800
SOCL,15-Oct-2013,19.96,20.02,19.6,19.7,202900
SODA,15-Oct-2013,62.13,62.49,60.8,61.14,543400
SOFO,15-Oct-2013,9.03,9.35,9.03,9.1,6300
SOHO,15-Oct-2013,4.71,4.74,4.62,4.63,19100
SOHU,15-Oct-2013,82.52,83.36,80.48,81.28,1161800
SONA,15-Oct-2013,9.63,9.68,9.49,9.68,7400
SONC,15-Oct-2013,18.24,18.42,18.12,18.14,324200
SORL,15-Oct-2013,4.1,4.16,4.02,4.06,28300
SOXX,15-Oct-2013,67.9,68.12,67.32,67.38,92800
SPAR,15-Oct-2013,6.29,6.3,6.21,6.24,52100
SPCB,15-Oct-2013,4.3,4.3,3.8,4,23700
SPEX,15-Oct-2013,153.9,158.65,150.1,153.9,37500
SPHS,15-Oct-2013,4.55,4.55,4.36,4.42,30700
SPIL,15-Oct-2013,6.02,6.03,5.97,5.98,144600
SPLK,15-Oct-2013,59.13,59.13,57.16,57.5,905500
SPNS,15-Oct-2013,6.88,6.92,6.52,6.66,156600
SPPI,15-Oct-2013,8.61,8.67,8.39,8.5,418900
SPRO,15-Oct-2013,2.19,2.19,2.19,2.19,0
SPRT,15-Oct-2013,5.48,5.48,5.33,5.34,121800
SPSC,15-Oct-2013,71.96,72.83,71.96,72.26,44900
SPTN,15-Oct-2013,22.64,22.93,22.53,22.85,67300
SPWR,15-Oct-2013,30.41,31.58,30.27,30.91,4644100
SQBG,15-Oct-2013,5.62,5.62,5.6,5.61,2900
SQQQ,15-Oct-2013,316.32,320.32,311.84,319.2,3285300
SRCE,15-Oct-2013,28.88,29.1,28.72,28.79,30100
SRCL,15-Oct-2013,116.63,117.59,116.33,116.75,213000
SRDX,15-Oct-2013,23.89,24.14,23.07,23.1,62900
SREV,15-Oct-2013,12.04,12.35,12.03,12.18,887700
SRPT,15-Oct-2013,45.11,46.6,44.76,45.13,1222400
SSBI,15-Oct-2013,9.54,9.73,9.36,9.56,3800
SSFN,15-Oct-2013,4.8,4.8,4.73,4.73,2400
SSNC,15-Oct-2013,37.14,37.28,36.6,36.84,275100
SSYS,15-Oct-2013,104.34,107.83,103.33,107.51,1501000
STAA,15-Oct-2013,13.02,13.14,12.85,12.96,52400
STB,15-Oct-2013,6.3,6.3,6.22,6.25,91300
STBA,15-Oct-2013,24.74,24.79,23.98,24.41,67300
STBZ,15-Oct-2013,16,16,15.66,15.7,58800
STFC,15-Oct-2013,20.4,20.4,19.8,19.96,18200
STKL,15-Oct-2013,9.9,9.98,9.76,9.86,267800
STLD,15-Oct-2013,17.21,17.55,17.12,17.22,2232400
STLY,15-Oct-2013,3.51,3.7,3.4,3.52,297300
STML,15-Oct-2013,36.68,37.35,36.34,36.37,67400
STMP,15-Oct-2013,44.13,44.72,43.97,44.59,99000
STPP,15-Oct-2013,39.85,40.14,39.67,39.96,7400
STRA,15-Oct-2013,41.4,41.55,40.62,40.76,71600
STRL,15-Oct-2013,9.69,9.69,9.24,9.27,14600
STRM,15-Oct-2013,7.78,7.9,7.74,7.85,29900
STRS,15-Oct-2013,13.13,13.43,13.13,13.4,800
STRT,15-Oct-2013,41.9,42,41.55,41.75,1900
STX,15-Oct-2013,46.99,47.55,46.52,46.98,2862800
SUMR,15-Oct-2013,2.58,2.66,2.52,2.61,79400
SUNS,15-Oct-2013,18.62,18.75,18.29,18.65,28700
SUPN,15-Oct-2013,6.92,7.05,6.71,6.72,323300
SVA,15-Oct-2013,6.18,6.25,6.11,6.15,187600
SVBI,15-Oct-2013,5.35,5.35,5.02,5.28,2200
SVVC,15-Oct-2013,25,25.22,24.65,24.69,58600
SWIR,15-Oct-2013,19.76,19.97,18.4,18.8,1099200
SWKS,15-Oct-2013,25.18,25.3,24.81,24.85,1965700
SYBT,15-Oct-2013,19.56,19.56,19.22,19.2933,11800
SYKE,15-Oct-2013,18.48,18.5,18.15,18.16,107800
SYMC,15-Oct-2013,25.15,25.18,24.93,24.96,5465600
SYNA,15-Oct-2013,49.5,52.92,49.47,52.16,3436700
SYNC,15-Oct-2013,2.35,2.39,2.35,2.37,60800
SYNL,15-Oct-2013,16.28,16.5,16.26,16.48,35200
SYNT,15-Oct-2013,41.72,41.935,41.46,41.785,137700
SYPR,15-Oct-2013,3.1,3.19,3.1,3.18,2500
TACT,15-Oct-2013,13.49,13.49,13.14,13.4,20500
TAIT,15-Oct-2013,1.06,1.06,1.06,1.06,2400
TAST,15-Oct-2013,5.54,5.58,5.5,5.54,92300
TATT,15-Oct-2013,8,8.04,8,8.01,2800
TAX,15-Oct-2013,18.85,18.95,18.59,18.85,11100
TAYD,15-Oct-2013,8.3,8.3,7.98,8.16,2500
TBBK,15-Oct-2013,18.77,18.87,18.4,18.43,112100
TBNK,15-Oct-2013,22.85,22.85,22.48,22.63,12300
TCBI,15-Oct-2013,48.12,48.41,47.41,47.95,306500
TCBIL,15-Oct-2013,21.3,21.34,21.25,21.26,3300
TCBIP,15-Oct-2013,22.5,22.5,22.29,22.4,13700
TCBK,15-Oct-2013,23.89,24.06,23.63,23.77,26900
TCCO,15-Oct-2013,6.7,6.7,6.7,6.7,2700
TCFC,15-Oct-2013,19.5,19.5,19.26,19.5,10400
TCPC,15-Oct-2013,16.27,16.36,16.07,16.19,131900
TCRD,15-Oct-2013,15.87,15.9,15.72,15.75,156700
TCX,15-Oct-2013,9.68,9.68,9.48,9.68,64300
TDIV,15-Oct-2013,23.12,23.17,23,23.01,65900
TECD,15-Oct-2013,49.28,49.56,48.78,48.96,246200
TECH,15-Oct-2013,81.16,81.92,80.25,80.64,308200
TESS,15-Oct-2013,36.73,37.66,36.73,37.08,14400
TFSL,15-Oct-2013,11.98,12.04,11.94,11.96,305000
TGA,15-Oct-2013,9.06,9.08,8.99,9.01,83000
TGTX,15-Oct-2013,4.68,4.7,4.47,4.59,217200
THFF,15-Oct-2013,32.75,32.75,32.24,32.57,10500
THRM,15-Oct-2013,20.23,20.38,19.79,19.91,79200
THST,15-Oct-2013,5.13,5.14,4.97,4.97,27600
TICC,15-Oct-2013,9.82,9.88,9.71,9.75,259200
TILE,15-Oct-2013,20.51,20.53,19.89,20.24,328600
TIPT,15-Oct-2013,7.4,7.45,7.4,7.45,2100
TISA,15-Oct-2013,3.86,3.93,3.76,3.86,23500
TITN,15-Oct-2013,16.14,16.35,16.1,16.23,329500
TIVO,15-Oct-2013,12.54,12.8,12.44,12.56,3003300
TLF,15-Oct-2013,8,8.05,7.92,8.04,3800
TLT,15-Oct-2013,105.15,105.3,104.53,104.54,8291400
TNAV,15-Oct-2013,6.23,6.31,6.2,6.31,118900
TNXP,15-Oct-2013,3.97,3.97,3.97,3.97,400
TOPS,15-Oct-2013,2366,2366,2366,2366,500
TORM,15-Oct-2013,11.57,11.82,11.57,11.6,1200
TOWN,15-Oct-2013,15.33,15.43,15.26,15.35,46000
TQQQ,15-Oct-2013,23.13,23.4625,22.825,22.9075,1688300
TRCB,15-Oct-2013,7.25,7.25,7.25,7.25,100
TREE,15-Oct-2013,28.55,29.57,28.51,28.8,60400
TRIB,15-Oct-2013,22.48,22.8,21.9,22.21,117800
TRIP,15-Oct-2013,75.23,75.43,73.5,73.87,3511100
TRMB,15-Oct-2013,29.87,30,29.45,29.6,2172300
TRMK,15-Oct-2013,26.48,26.66,26.23,26.29,190600
TRNS,15-Oct-2013,8.36,8.6,8.08,8.2,8900
TROV,15-Oct-2013,7.11,7.11,6.87,7.07,98600
TROW,15-Oct-2013,74.39,74.74,74.06,74.21,1413100
TRS,15-Oct-2013,39.96,40.26,39.38,39.55,208700
TRST,15-Oct-2013,6.43,6.46,6.35,6.41,440200
TSBK,15-Oct-2013,9.05,9.05,9.05,9.05,0
TSC,15-Oct-2013,13.08,13.13,12.89,13.1,8300
TSCO,15-Oct-2013,65.66,65.84,64.8,64.98,544500
TSEM,15-Oct-2013,5.08,5.19,5.03,5.16,49200
TSLA,15-Oct-2013,185.28,188.79,183.18,183.94,10978500
TSRI,15-Oct-2013,3.4,3.74,3.4,3.62,3800
TSRO,15-Oct-2013,36.82,37.37,36.03,36.47,125800
TST,15-Oct-2013,2.28,2.4,2.28,2.33,64700
TTEC,15-Oct-2013,25.44,25.6,25.15,25.35,81000
TTEK,15-Oct-2013,25.39,25.65,25.28,25.57,305300
TTGT,15-Oct-2013,4.96,4.99,4.95,4.96,15500
TTMI,15-Oct-2013,10.34,10.37,10.12,10.2,405100
TTPH,15-Oct-2013,12.81,12.81,11.76,11.9,142000
TTS,15-Oct-2013,27.46,28,26.49,26.6,417900
TTWO,15-Oct-2013,17.12,17.16,16.88,16.94,1458400
TUES,15-Oct-2013,14.39,14.6,14.07,14.48,357600
TWIN,15-Oct-2013,26.62,26.62,25.74,25.95,13900
TWMC,15-Oct-2013,4.33,4.4,4.31,4.32,15200
TXN,15-Oct-2013,40.51,40.6,40.21,40.25,6437400
TXRH,15-Oct-2013,26.3,26.44,25.97,26.02,406000
TYPE,15-Oct-2013,28.24,28.31,27.98,28.22,113400
TZOO,15-Oct-2013,26.76,26.77,25.79,25.88,54600
UBCP,15-Oct-2013,6.6,6.72,6.6,6.64,15200
UBFO,15-Oct-2013,4.29,4.33,4.25,4.32,900
UBNK,15-Oct-2013,16.5,16.5,16.43,16.48,23900
UBNT,15-Oct-2013,38.66,39.59,36.92,37.81,884700
UBOH,15-Oct-2013,12.95,13,12.54,12.57,1800
UBSH,15-Oct-2013,25.25,25.36,25.05,25.1,113900
UBSI,15-Oct-2013,29.63,29.76,29.27,29.48,241000
UCBA,15-Oct-2013,10.18,10.31,10.18,10.3,1000
UCBI,15-Oct-2013,15.73,15.91,15.6,15.6,253700
UCFC,15-Oct-2013,3.85,3.87,3.68,3.77,56900
UCTT,15-Oct-2013,7.1,7.18,7.07,7.13,37100
UEIC,15-Oct-2013,35.38,35.74,35.25,35.54,85100
UEPS,15-Oct-2013,11.76,11.84,11.57,11.7,35400
UFCS,15-Oct-2013,31.64,31.92,31.35,31.74,52000
UFPI,15-Oct-2013,42.13,42.64,41.36,42,93100
UFPT,15-Oct-2013,22.17,22.54,22.1,22.37,22100
UG,15-Oct-2013,24.8,24.8,24.8,24.8,0
UHAL,15-Oct-2013,195.48,195.95,194.33,195,22400
UIHC,15-Oct-2013,8.56,8.58,8.4,8.54,14800
ULBI,15-Oct-2013,4.17,4.3,4.15,4.29,10200
ULTA,15-Oct-2013,118.55,119.06,116.58,117.85,1168300
ULTI,15-Oct-2013,142.93,143.98,137.59,137.81,179000
UMBF,15-Oct-2013,57.45,58.4,57.16,57.19,251700
UMPQ,15-Oct-2013,16.7,16.7,16.49,16.58,1315100
UNAM,15-Oct-2013,12.3,12.3,12.05,12.06,500
UNB,15-Oct-2013,21.49,21.5,21.2,21.2,2800
UNFI,15-Oct-2013,68.44,68.65,67.22,67.53,267700
UNTY,15-Oct-2013,7.12,7.23,7.1,7.2,6700
URBN,15-Oct-2013,35.91,36.07,35.41,35.89,1627300
USAK,15-Oct-2013,9,9.04,8.98,9.02,64300
USAP,15-Oct-2013,34.67,34.99,34.28,34.67,7700
USAT,15-Oct-2013,1.59,1.59,1.55,1.55,66600
USATP,15-Oct-2013,16,16,16,16,1400
USCR,15-Oct-2013,20.25,20.25,19.86,20.09,222000
USEG,15-Oct-2013,13.68,14.64,13.68,13.98,258600
USLM,15-Oct-2013,57.51,58.28,56.77,57.14,30000
UTHR,15-Oct-2013,81.8,82.14,80.48,80.69,306700
UTMD,15-Oct-2013,56.41,56.6,55.36,56.28,1700
UTSI,15-Oct-2013,2.96,2.99,2.92,2.95,89200
UVSP,15-Oct-2013,19.04,19.1,18.93,18.95,33200
VALU,15-Oct-2013,8.97,9,8.83,9,6700
VBFC,15-Oct-2013,27.2,27.2,27.2,27.2,200
VCIT,15-Oct-2013,83.48,83.52,83.31,83.32,107700
VCLT,15-Oct-2013,82.03,82.21,81.77,81.85,41000
VCSH,15-Oct-2013,79.68,79.69,79.62,79.64,319500
VDSI,15-Oct-2013,7.8,7.85,7.76,7.8,100000
VECO,15-Oct-2013,36.62,36.76,35.51,36.01,726400
VGIT,15-Oct-2013,63.69,63.69,63.54,63.57,4000
VGLT,15-Oct-2013,66.17,66.17,65.88,65.88,2800
VGSH,15-Oct-2013,60.87,60.89,60.85,60.85,57800
VIA,15-Oct-2013,82.95,83.4,82.67,82.73,10000
VIAB,15-Oct-2013,82.8,83.07,82.06,82.55,1922100
VICL,15-Oct-2013,12.8,13,12.6,12.6,409600
VICR,15-Oct-2013,7.87,8.07,7.87,7.88,45500
VIRC,15-Oct-2013,2.04,2.04,2.03,2.03,1200
VIVO,15-Oct-2013,23.87,24.19,23.78,23.8,89200
VLGEA,15-Oct-2013,35.29,35.3,34.55,34.66,8500
VMBS,15-Oct-2013,51.35,51.4,51.28,51.31,83100
VNDA,15-Oct-2013,9.78,9.89,9.6,9.63,278700
VNET,15-Oct-2013,18.5,18.7,18.3,18.47,272700
VNQI,15-Oct-2013,57.48,57.48,57.09,57.26,120800
VOD,15-Oct-2013,35.21,35.52,35.15,35.43,15863000
VONE,15-Oct-2013,78.85,79.18,78.46,78.5,7700
VONG,15-Oct-2013,81.07,81.19,80.63,80.71,10800
VONV,15-Oct-2013,76.77,76.95,76.31,76.35,11100
VOXX,15-Oct-2013,13.88,14.14,13.77,14,92300
VRA,15-Oct-2013,20.89,20.96,20.4,20.45,221200
VRML,15-Oct-2013,2.49,2.57,2.48,2.48,45400
VRNT,15-Oct-2013,37.91,37.91,36.9,36.9,826400
VRSK,15-Oct-2013,66.96,67.15,66.74,66.97,551700
VRSN,15-Oct-2013,51.6,51.88,51.29,51.64,1009100
VRTS,15-Oct-2013,160.48,163.28,159.6,161.86,86600
VRTU,15-Oct-2013,29.38,29.38,29,29.07,95200
VRTX,15-Oct-2013,72.52,74.15,72.42,73.35,1994800
VSAT,15-Oct-2013,66.01,66.62,65.57,65.74,161900
VSEC,15-Oct-2013,22.67,22.925,22.385,22.575,8900
VSTM,15-Oct-2013,11.18,11.44,11.01,11.17,174200
VTHR,15-Oct-2013,79.52,79.55,79.21,79.21,900
VTIP,15-Oct-2013,49.45,49.49,49.42,49.46,53600
VTNR,15-Oct-2013,3.17,3.17,3.12,3.12,7000
VTWG,15-Oct-2013,92.58,92.58,91.53,91.69,9600
VTWO,15-Oct-2013,86.8,86.95,85.94,86.11,56700
VTWV,15-Oct-2013,81.12,81.32,81.07,81.11,1700
VVUS,15-Oct-2013,10.38,10.5,9.99,10.06,2971100
VWOB,15-Oct-2013,77.2,77.24,76.66,76.83,21000
VXUS,15-Oct-2013,51.19,51.19,50.81,50.91,151200
WABC,15-Oct-2013,51.15,51.2,50.5,50.54,117400
WAFD,15-Oct-2013,21.75,22.5,21.73,22.04,1020400
WAFDW,15-Oct-2013,6.24,6.24,6.05,6.05,7700
WASH,15-Oct-2013,33.6,33.77,32.71,32.77,25000
WDAY,15-Oct-2013,81.31,81.31,79.04,80.18,653500
WDC,15-Oct-2013,68.35,69.39,68.18,68.32,1957900
WDFC,15-Oct-2013,65.33,65.89,64.85,65.35,36800
WEBK,15-Oct-2013,17.03,17.08,17.03,17.08,500
WEN,15-Oct-2013,8.53,8.55,8.36,8.36,4494700
WERN,15-Oct-2013,23.19,23.34,23.04,23.2,541400
WETF,15-Oct-2013,12.25,12.39,12.1,12.34,1140500
WEYS,15-Oct-2013,28.34,28.59,27.65,27.74,24000
WFBI,15-Oct-2013,12.67,12.89,12.61,12.73,4400
WHF,15-Oct-2013,14.8,14.9,14.75,14.85,12900
WHFBL,15-Oct-2013,24.55,24.6,24.47,24.6,5800
WHLR,15-Oct-2013,33.44,33.6,33.28,33.6,11500
WIFI,15-Oct-2013,7.06,7.1,6.98,7.03,55300
WILC,15-Oct-2013,7.15,7.2,7.15,7.15,4800
WIN,15-Oct-2013,8.6,8.6,8.4,8.41,9015400
WINA,15-Oct-2013,74.8,75.46,74.13,74.16,3500
WIRE,15-Oct-2013,41.31,41.31,40.46,40.68,38300
WLB,15-Oct-2013,13.71,13.76,13.5,13.64,27700
WLDN,15-Oct-2013,3.89,4.12,3.84,4,67500
WLFC,15-Oct-2013,16.18,16.25,16.18,16.25,5200
WMGI,15-Oct-2013,27.3,27.3,26.95,27.09,332200
WMGIZ,15-Oct-2013,0.33,0.35,0.33,0.35,6400
WOOD,15-Oct-2013,51.19,51.27,51.01,51.01,8700
WPCS,15-Oct-2013,39.16,41.58,37.62,37.84,38600
WPRT,15-Oct-2013,24.5,24.75,24.32,24.74,640600
WRLD,15-Oct-2013,97.47,98.66,97.34,97.75,62200
WSBC,15-Oct-2013,31,31.31,30.7,30.9,48300
WSBF,15-Oct-2013,10.49,10.49,10.35,10.45,5200
WSCI,15-Oct-2013,6.31,6.45,6.31,6.45,2400
WSFS,15-Oct-2013,20.67,20.9233,20.1767,20.5433,34000
WSTG,15-Oct-2013,12.86,12.95,12.86,12.95,4400
WSTL,15-Oct-2013,13.96,14.08,13.6,13.72,88200
WTBA,15-Oct-2013,14.01,14.17,13.99,14.05,27400
WTFC,15-Oct-2013,42.08,42.52,41.75,42.24,492500
WTFCW,15-Oct-2013,20,20.29,20,20.29,1400
WVFC,15-Oct-2013,11.29,11.29,11.29,11.29,0
WVVI,15-Oct-2013,5.72,5.74,5.7,5.7,6500
WWD,15-Oct-2013,41.81,41.81,40.03,40.07,378400
WYNN,15-Oct-2013,167.76,170.16,166.2,167.2,1711200
XBKS,15-Oct-2013,5.7,5.74,5.57,5.57,1600
XGTI,15-Oct-2013,35.52,36.6,34.8,35.64,19700
XLNX,15-Oct-2013,47.35,47.45,46.23,46.37,4144400
XLRN,15-Oct-2013,21.28,22.36,21.28,22.13,76600
XOMA,15-Oct-2013,95.6,95.6,90.4,90.8,1268200
XONE,15-Oct-2013,52.5,54.54,51.85,53.2,841200
XPLR,15-Oct-2013,4.1,4.1,4.1,4.1,0
XRAY,15-Oct-2013,44.63,44.63,44.15,44.29,718500
XTLB,15-Oct-2013,26.05,27.45,21.2,27.3,15400
YDIV,15-Oct-2013,20.86,20.86,20.86,20.86,100
YNDX,15-Oct-2013,38.49,38.92,38.24,38.59,1645700
YORW,15-Oct-2013,20.76,21.24,20.65,21.03,33400
YRCW,15-Oct-2013,15.18,15.39,14.54,14.6,306800
YY,15-Oct-2013,50.26,52.69,49,50.44,1725100
Z,15-Oct-2013,81.76,83.24,80.18,81.4,886900
ZAGG,15-Oct-2013,4.39,4.44,4.26,4.27,299100
ZBRA,15-Oct-2013,47.12,47.16,46.39,46.94,325400
ZEUS,15-Oct-2013,29.98,30.49,29.42,30.01,59500
ZGNX,15-Oct-2013,18.8,19.36,18,18.64,530100
ZION,15-Oct-2013,28.42,28.79,28.2,28.45,2679800
ZIONW,15-Oct-2013,5.8,5.89,5.72,5.85,5800
ZIOP,15-Oct-2013,4.37,4.37,4.05,4.09,876500
ZIXI,15-Oct-2013,4.84,4.84,4.74,4.78,418900
ZN,15-Oct-2013,1.6,1.63,1.5,1.62,57000
ZNGA,15-Oct-2013,3.56,3.66,3.5,3.52,12728200
ZUMZ,15-Oct-2013,28.19,28.49,27.73,28.26,245700
