Symbol,Date,Open,High,Low,Close,Volume
AAL,10-Apr-2015,48.16,48.79,47.72,47.73,11713300
AAME,10-Apr-2015,3.99,4,3.98,4,4300
AAOI,10-Apr-2015,13.75,13.75,13.26,13.45,204200
AAON,10-Apr-2015,23.63,23.95,23.63,23.85,57500
AAPL,10-Apr-2015,125.95,127.21,125.26,127.1,40187900
AAWW,10-Apr-2015,43.19,43.9,42.97,43.72,160100
AAXJ,10-Apr-2015,68.13,68.43,67.94,68.35,784900
ABAC,10-Apr-2015,6.6,6.88,6.36,6.6,12900
ABAX,10-Apr-2015,63.92,64.48,63.5,63.93,68100
ABCB,10-Apr-2015,26.58,26.76,26.47,26.66,72000
ABCD,10-Apr-2015,3.05,3.07,2.97,3.04,113100
ABDC,10-Apr-2015,14.2,14.25,13.89,14.15,48800
ABIO,10-Apr-2015,5.88,5.88,5.6,5.88,124500
ABMD,10-Apr-2015,70.15,70.36,69.04,69.35,406900
ACAD,10-Apr-2015,35.39,37.93,34.72,37.53,3398800
ACET,10-Apr-2015,21.71,21.78,21.49,21.56,42300
ACFC,10-Apr-2015,4.19,4.22,4.18,4.22,7300
ACGL,10-Apr-2015,62.62,62.93,62.16,62.93,419200
ACHC,10-Apr-2015,72.11,72.38,71.34,72.2,209200
ACHN,10-Apr-2015,10.27,10.49,10.24,10.36,1745100
ACIW,10-Apr-2015,21.83,21.85,21.57,21.66,446700
ACLS,10-Apr-2015,10.56,10.72,10.36,10.64,324400
ACNB,10-Apr-2015,20.48,20.6,20.47,20.48,1200
ACOR,10-Apr-2015,33.94,34.51,33.88,34.46,382100
ACRX,10-Apr-2015,3.95,4.1,3.91,4.06,250100
ACSF,10-Apr-2015,13.38,13.4,13.01,13.07,26000
ACST,10-Apr-2015,5,5,4.6,4.9,59900
ACTA,10-Apr-2015,15.01,15.01,14.88,14.95,99700
ACTG,10-Apr-2015,10.86,10.94,10.68,10.73,212300
ACWI,10-Apr-2015,61.56,61.86,61.55,61.86,510100
ACWX,10-Apr-2015,46.36,46.55,46.32,46.54,466700
ACXM,10-Apr-2015,18.84,19.3,18.64,19.05,251200
ADBE,10-Apr-2015,76.3,76.63,76,76.53,1801200
ADI,10-Apr-2015,64.19,64.39,63.85,64.24,1274000
ADMA,10-Apr-2015,9.49,9.49,9.03,9.13,21200
ADMP,10-Apr-2015,3.92,4.66,3.92,4.54,289400
ADMS,10-Apr-2015,19.1,19.68,17.5,17.94,351300
ADP,10-Apr-2015,86.76,86.79,86.16,86.34,1857400
ADRA,10-Apr-2015,31.17,31.17,31.17,31.17,400
ADRD,10-Apr-2015,23.91,23.91,23.78,23.87,1400
ADRE,10-Apr-2015,36.91,36.96,36.83,36.91,11200
ADRU,10-Apr-2015,23.5,23.5,23.5,23.5,200
ADSK,10-Apr-2015,62.49,63.09,62.04,62.74,961300
ADTN,10-Apr-2015,19.11,19.11,18.86,19.03,338100
ADUS,10-Apr-2015,26.22,26.86,26,26.21,50000
ADXS,10-Apr-2015,19.33,20.2,18.52,19.73,2104200
ADXSW,10-Apr-2015,15,15.65,14.45,15.6,40800
AEGN,10-Apr-2015,18.51,18.52,18.29,18.32,170500
AEHR,10-Apr-2015,2,2.09,1.97,2.09,15700
AEIS,10-Apr-2015,26.16,26.21,25.87,26.07,237900
AERI,10-Apr-2015,32.39,32.39,31.88,32.3,278300
AETI,10-Apr-2015,4.98,5.26,4.98,5.26,21900
AEY,10-Apr-2015,2.33,2.4,2.33,2.4,80700
AEZS,10-Apr-2015,54,54,51,52,734500
AFAM,10-Apr-2015,43.94,44.13,41.77,42.2,153800
AFH,10-Apr-2015,19.26,19.5,18.86,19.33,85800
AFMD,10-Apr-2015,8.2,8.4,7.85,8.12,450000
AFSI,10-Apr-2015,29.855,29.855,29.045,29.16,334000
AGEN,10-Apr-2015,5.27,5.45,5.2,5.42,601300
AGII,10-Apr-2015,51.14,51.14,50.08,50.23,41300
AGIIL,10-Apr-2015,25.43,25.46,25.3,25.46,14000
AGIO,10-Apr-2015,96.77,99.45,96.74,98.57,292500
AGNC,10-Apr-2015,21.67,21.83,21.65,21.7,1892300
AGNCB,10-Apr-2015,25.05,25.2,25.05,25.15,3700
AGND,10-Apr-2015,44.72,44.72,44.72,44.72,900
AGRX,10-Apr-2015,11.8,11.8,11.5,11.78,85500
AGTC,10-Apr-2015,22.37,22.99,22.26,22.44,209800
AGYS,10-Apr-2015,10.11,10.15,10.05,10.11,73700
AGZD,10-Apr-2015,49.06,49.06,48.88,49.03,1200
AHGP,10-Apr-2015,52,52.25,50.95,51.92,73000
AHPI,10-Apr-2015,1.58,1.65,1.54,1.54,13800
AIMC,10-Apr-2015,27.85,27.9,27.4,27.49,52400
AINV,10-Apr-2015,7.78,7.78,7.68,7.74,861500
AIRR,10-Apr-2015,19,19.05,18.92,18.96,12200
AIRT,10-Apr-2015,23.56,23.56,23.07,23.46,4900
AKAM,10-Apr-2015,71.19,71.5,70.96,71.45,705800
AKAO,10-Apr-2015,7.35,7.52,7.26,7.3,143400
AKBA,10-Apr-2015,10.33,10.5,10.21,10.41,55000
AKER,10-Apr-2015,4.64,4.75,4.59,4.6,15500
AKRX,10-Apr-2015,51.55,52.78,51.35,52.74,1941700
ALCO,10-Apr-2015,50.3,50.75,49.33,50.42,12800
ALDR,10-Apr-2015,27.58,28.23,26.85,27.92,170200
ALDX,10-Apr-2015,10.27,10.3,10.2,10.29,3500
ALGN,10-Apr-2015,53,54.68,52.95,54.29,1917200
ALGT,10-Apr-2015,169.86,169.86,166.21,168.22,144000
ALIM,10-Apr-2015,4.56,4.7,4.38,4.66,186300
ALKS,10-Apr-2015,62.67,63.87,62.28,63.52,987800
ALLT,10-Apr-2015,9.14,9.21,9.02,9.11,136100
ALNY,10-Apr-2015,108,114.69,108,114.22,726400
ALOG,10-Apr-2015,86,86.3,85.5,85.71,72200
ALOT,10-Apr-2015,13.83,14,13.83,14,900
ALQA,10-Apr-2015,5.01,5.03,4.66,4.67,61300
ALSK,10-Apr-2015,1.73,1.83,1.73,1.81,230900
ALTR,10-Apr-2015,43.21,45.38,42.85,44.52,16550900
ALXN,10-Apr-2015,178.08,182.76,177.45,182.68,1340400
AMAG,10-Apr-2015,57.61,58.14,56.86,57.35,662700
AMAT,10-Apr-2015,22.44,22.58,22.22,22.5,12044600
AMBA,10-Apr-2015,75.07,76.95,75.03,75.8,875000
AMBC,10-Apr-2015,25.44,25.75,25.14,25.51,155200
AMBCW,10-Apr-2015,13.96,13.96,13.35,13.37,2600
AMCN,10-Apr-2015,3,3.2,2.88,3.01,1917000
AMCX,10-Apr-2015,76.8,77.25,76.57,76.84,323100
AMD,10-Apr-2015,2.74,2.78,2.73,2.76,6184800
AMDA,10-Apr-2015,4.35,4.5,3.9,4.05,2393200
AMED,10-Apr-2015,26.45,26.66,26.28,26.38,90800
AMGN,10-Apr-2015,161.53,163.69,160.31,163.38,2407700
AMKR,10-Apr-2015,8.71,8.9,8.71,8.79,694600
AMNB,10-Apr-2015,22.53,22.53,22.26,22.32,4200
AMOT,10-Apr-2015,34.93,36.29,34.6,36.16,134500
AMPH,10-Apr-2015,15.02,15.38,14.67,15.34,168000
AMRB,10-Apr-2015,9.55,9.59,9.55,9.59,200
AMRK,10-Apr-2015,10.18,10.18,10.18,10.18,300
AMRN,10-Apr-2015,2.58,2.6,2.51,2.59,2198600
AMRS,10-Apr-2015,33.6,36.45,33.6,36.15,64100
AMSC,10-Apr-2015,7.13,7.35,7.07,7.2,45200
AMSF,10-Apr-2015,46.31,46.43,45.57,45.7,29700
AMSWA,10-Apr-2015,10.28,10.37,10.14,10.2,19400
AMTX,10-Apr-2015,4.22,4.24,4.1,4.19,8400
AMWD,10-Apr-2015,53.78,53.78,52.88,53.47,48900
AMZN,10-Apr-2015,384.31,387.12,381.32,382.65,2573500
ANAT,10-Apr-2015,99.13,99.53,98.04,98.16,27500
ANCB,10-Apr-2015,21.82,21.82,21.82,21.82,100
ANCX,10-Apr-2015,18.64,18.68,18.54,18.68,3800
ANDE,10-Apr-2015,40.41,40.83,38.76,40.51,571300
ANGI,10-Apr-2015,5.75,5.79,5.51,5.59,712800
ANGO,10-Apr-2015,16.26,17.17,16.25,16.53,1070000
ANIK,10-Apr-2015,40.97,41.25,40.32,40.7,230300
ANIP,10-Apr-2015,67.69,69.54,67.34,68.23,178300
ANSS,10-Apr-2015,88,88.99,87.88,88.56,307500
ANTH,10-Apr-2015,33.92,34.64,33.6,33.84,381500
ANY,10-Apr-2015,3.61,3.61,3.43,3.55,129100
AOSL,10-Apr-2015,8.88,8.88,8.52,8.67,44200
APDN,10-Apr-2015,2.69,2.7,2.65,2.68,61200
APDNW,10-Apr-2015,1.14,1.14,1.1,1.12,17300
APEI,10-Apr-2015,31.35,31.64,31.06,31.11,83300
APOG,10-Apr-2015,50.23,52.73,50.03,52.31,591400
APPS,10-Apr-2015,3.45,3.6,3.37,3.59,149500
APRI,10-Apr-2015,18.3,18.4,17.6,17.9,93100
APTO,10-Apr-2015,6.33,6.37,6.19,6.33,26700
APWC,10-Apr-2015,2.39,2.39,2.35,2.39,2600
AQXP,10-Apr-2015,8.44,8.5,8.25,8.47,15000
ARAY,10-Apr-2015,9.81,9.99,9.81,9.82,571100
ARCB,10-Apr-2015,36.33,37.52,36.01,37.14,400300
ARCC,10-Apr-2015,17.29,17.36,17.09,17.14,2720200
ARCI,10-Apr-2015,2.02,2.05,1.97,2,11000
ARCW,10-Apr-2015,6.19,6.26,6.1,6.11,20000
ARDM,10-Apr-2015,6.75,6.78,6.69,6.78,3200
ARDX,10-Apr-2015,13,13.76,12.7,12.82,122300
AREX,10-Apr-2015,8.37,8.39,7.99,8.02,1104100
ARGS,10-Apr-2015,8.87,9.11,8.69,8.82,18600
ARII,10-Apr-2015,51.92,52.54,51.33,51.72,134100
ARKR,10-Apr-2015,24.27,24.5,24.21,24.35,9100
ARLP,10-Apr-2015,32.93,33.82,32.66,33.75,229600
ARNA,10-Apr-2015,45.4,46.8,45.3,45.5,3140900
AROW,10-Apr-2015,26.66,26.74,26.56,26.66,18000
ARQL,10-Apr-2015,2.16,2.21,2.15,2.16,636100
ARRS,10-Apr-2015,29.67,29.7,29.12,29.19,759100
ARRY,10-Apr-2015,7.52,7.65,7.47,7.56,947200
ARTNA,10-Apr-2015,21.7,21.82,21.5,21.6,13300
ARTW,10-Apr-2015,4.57,4.58,4.5,4.58,2400
ARTX,10-Apr-2015,3.07,3.14,3.02,3.11,123300
ARWR,10-Apr-2015,8,8.02,7.8,7.91,1494800
ASCMA,10-Apr-2015,39.99,40.37,39.92,39.98,107700
ASFI,10-Apr-2015,8.12,8.3,8,8.24,12400
ASMB,10-Apr-2015,18.02,19.68,17.65,19.21,160900
ASML,10-Apr-2015,99.77,100.58,99.59,100.02,846300
ASNA,10-Apr-2015,14.44,14.56,14.3,14.51,721200
ASND,10-Apr-2015,18.13,18.7,18,18.05,8000
ASPS,10-Apr-2015,19.5,20.84,18.3,20.53,667400
ASRV,10-Apr-2015,3.08,3.08,3.01,3.07,6800
ASRVP,10-Apr-2015,26.89,26.98,26.78,26.86,6100
ASTC,10-Apr-2015,3.12,3.12,2.99,3.01,43900
ASTE,10-Apr-2015,42.24,42.24,41.82,41.89,40600
ASUR,10-Apr-2015,5.73,5.73,5.58,5.67,700
ASYS,10-Apr-2015,10.78,10.91,10,10.77,31200
ATAI,10-Apr-2015,4.4,4.6,4.38,4.6,28100
ATAX,10-Apr-2015,5.53,5.56,5.48,5.54,57600
ATEC,10-Apr-2015,17.16,17.16,16.8,17.16,4900
ATHN,10-Apr-2015,121.57,122.73,119.09,120.56,288000
ATHX,10-Apr-2015,3.02,3.1,2.99,3.03,1512700
ATLC,10-Apr-2015,2.08,2.2,2.08,2.2,2900
ATLO,10-Apr-2015,24.8,25.11,24.65,24.97,5400
ATNI,10-Apr-2015,71.34,71.34,67.98,68.3,88700
ATOS,10-Apr-2015,25.05,25.5,24.15,24.45,135200
ATRA,10-Apr-2015,47.19,48.72,46.19,47.49,98000
ATRC,10-Apr-2015,21.84,21.84,21.57,21.7,69300
ATRI,10-Apr-2015,337.67,337.67,333.39,334,2400
ATRO,10-Apr-2015,74.93,77.35,74.57,76.6,105000
ATRS,10-Apr-2015,2.88,2.98,2.85,2.92,695900
ATSG,10-Apr-2015,9.3,9.3,9.14,9.24,315500
ATTU,10-Apr-2015,9.97,10.29,9.76,10.05,19200
ATVI,10-Apr-2015,23.09,23.09,22.8,22.92,3310100
AUBN,10-Apr-2015,24.64,24.64,24.64,24.64,200
AUDC,10-Apr-2015,5.07,5.08,4.98,4.99,123300
AUPH,10-Apr-2015,4.35,4.35,4.16,4.17,13700
AVAV,10-Apr-2015,26.69,26.69,26.4,26.51,92900
AVEO,10-Apr-2015,1.6,1.62,1.5,1.51,460700
AVGO,10-Apr-2015,127.56,127.97,126.07,126.82,1166800
AVGR,10-Apr-2015,11.68,11.83,11.49,11.83,5400
AVHI,10-Apr-2015,15.81,15.9,15.58,15.87,13800
AVID,10-Apr-2015,15.2,15.85,15.14,15.69,211600
AVNW,10-Apr-2015,13.68,14.16,13.2,13.92,266100
AWRE,10-Apr-2015,4.43,4.49,4.4,4.43,4100
AXAS,10-Apr-2015,3.59,3.6,3.37,3.42,2537900
AXDX,10-Apr-2015,21.83,22,21.29,21.6,88500
AXGN,10-Apr-2015,3.33,3.4,3.33,3.38,5600
AXTI,10-Apr-2015,2.41,2.62,2.41,2.6,37000
AZPN,10-Apr-2015,39.74,39.8,39.32,39.62,441300
BABY,10-Apr-2015,40.05,40.22,39.12,39.51,266500
BANF,10-Apr-2015,60.05,60.05,59.23,59.58,6600
BANFP,10-Apr-2015,27.6,27.6,27.6,27.6,0
BANR,10-Apr-2015,45.48,45.52,45.07,45.19,66600
BANX,10-Apr-2015,17.5,17.88,17.5,17.81,31800
BASI,10-Apr-2015,2.04,2.07,1.98,1.98,1500
BBBY,10-Apr-2015,73.24,73.83,72.8,73.43,2591400
BBGI,10-Apr-2015,5.03,5.03,5.03,5.03,0
BBOX,10-Apr-2015,20.5,20.58,20.46,20.49,41700
BBRG,10-Apr-2015,15.06,15.15,14.95,15.04,99200
BBSI,10-Apr-2015,42.17,42.49,41.62,41.87,67900
BCBP,10-Apr-2015,12.03,12.09,12.03,12.09,500
BCLI,10-Apr-2015,4.33,4.95,4.33,4.63,2461400
BCOM,10-Apr-2015,15.55,15.91,15.55,15.91,300
BCOR,10-Apr-2015,13.98,14.04,13.86,13.92,202900
BCOV,10-Apr-2015,7.05,7.05,6.96,7,60700
BCPC,10-Apr-2015,56.26,56.47,55.12,55.22,133000
BCRX,10-Apr-2015,9.58,9.82,9.53,9.65,553400
BDGE,10-Apr-2015,26.42,26.42,26.19,26.21,2200
BDSI,10-Apr-2015,9.48,9.78,9.43,9.5,1055200
BEAT,10-Apr-2015,8.91,9.05,8.69,8.96,222700
BECN,10-Apr-2015,32.42,32.42,31.77,31.87,758700
BELFA,10-Apr-2015,17.63,17.87,17.35,17.87,2100
BELFB,10-Apr-2015,17.63,17.8,17.48,17.66,32600
BFIN,10-Apr-2015,13.03,13.03,12.85,12.87,6300
BGCP,10-Apr-2015,9.57,9.66,9.5,9.63,420800
BGFV,10-Apr-2015,12.93,12.93,12.65,12.78,77800
BHAC,10-Apr-2015,9.68,9.68,9.68,9.68,0
BHACR,10-Apr-2015,0.28,0.28,0.28,0.28,0
BHBK,10-Apr-2015,13.26,13.26,13.09,13.19,26200
BIB,10-Apr-2015,84.3,85.975,83.365,85.575,423400
BICK,10-Apr-2015,24.92,24.96,24.92,24.96,3700
BIDU,10-Apr-2015,219,220.1,214.71,214.79,3099100
BIIB,10-Apr-2015,392.5407,395.0001,387.3272,392.0709,1063100
BIOC,10-Apr-2015,7.68,7.74,7.05,7.17,758900
BIOL,10-Apr-2015,2.22,2.32,2.17,2.25,57900
BIOS,10-Apr-2015,5.01,5.47,4.96,5.4,2710500
BIS,10-Apr-2015,32.25,32.57,31.55,31.65,322700
BJRI,10-Apr-2015,50.8,51.43,50.7,50.93,103500
BKCC,10-Apr-2015,9.15,9.19,9.11,9.13,166500
BKEP,10-Apr-2015,7.85,8.01,7.85,7.92,41200
BKEPP,10-Apr-2015,9.22,9.22,9.08,9.08,1000
BKMU,10-Apr-2015,7.3,7.3,7.23,7.23,22000
BKSC,10-Apr-2015,15.14,15.22,15.13,15.21,1400
BLBD,10-Apr-2015,10.54,10.64,10.34,10.42,27700
BLCM,10-Apr-2015,24.36,25.2,23.93,24.88,235100
BLDP,10-Apr-2015,2.25,2.29,2.17,2.29,647500
BLDR,10-Apr-2015,6.91,6.93,6.82,6.9,141100
BLFS,10-Apr-2015,1.61,1.67,1.58,1.67,18300
BLIN,10-Apr-2015,2.3,2.3,2.2,2.25,8000
BLKB,10-Apr-2015,49.63,49.94,48.79,49.21,86900
BLMN,10-Apr-2015,23.35,23.73,23.29,23.6,1425600
BLMT,10-Apr-2015,19.89,20.15,19.89,20.06,7800
BLPH,10-Apr-2015,9.83,10.25,9.77,9.94,4500
BLRX,10-Apr-2015,2.17,2.22,2.11,2.19,325100
BLUE,10-Apr-2015,125.04,127,124.03,126.34,246000
BLVD,10-Apr-2015,10,10.39,10,10.39,200
BLVDU,10-Apr-2015,10.32,10.32,10.32,10.32,0
BLVDW,10-Apr-2015,0.75,0.75,0.75,0.75,0
BMRC,10-Apr-2015,51.3,51.53,50.94,51.44,4800
BMRN,10-Apr-2015,122.56,124,121.4,122.2,1608900
BMTC,10-Apr-2015,30.86,30.86,30.38,30.78,23500
BNCL,10-Apr-2015,11.19,11.19,11.11,11.16,360900
BNDX,10-Apr-2015,54.06,54.14,54.04,54.12,322400
BNFT,10-Apr-2015,36.85,37.41,36.71,36.9,60800
BNSO,10-Apr-2015,1.36,1.43,1.31,1.43,7200
BOBE,10-Apr-2015,46.77,46.89,45.95,46.13,315400
BOCH,10-Apr-2015,5.58,5.65,5.53,5.57,29700
BOFI,10-Apr-2015,22.5225,22.7075,22.4175,22.6425,140600
BOKF,10-Apr-2015,62.01,62.01,61.02,61.44,189700
BOOM,10-Apr-2015,12.96,13.13,12.85,12.89,168600
BOSC,10-Apr-2015,2.34,2.34,2.27,2.27,500
BOTJ,10-Apr-2015,10.99,10.99,10.99,10.99,100
BPFH,10-Apr-2015,12.41,12.44,12.2,12.4,704500
BPFHP,10-Apr-2015,25.81,25.85,25.81,25.85,1900
BPFHW,10-Apr-2015,5.83,5.83,5.83,5.83,0
BPOP,10-Apr-2015,35.09,35.36,34.77,34.97,466900
BPOPM,10-Apr-2015,21.26,21.26,21.26,21.26,0
BPOPN,10-Apr-2015,22.57,22.6,22.5,22.55,1200
BPTH,10-Apr-2015,1.74,1.76,1.69,1.73,49500
BREW,10-Apr-2015,13.98,13.98,13.73,13.74,36700
BRID,10-Apr-2015,8.06,8.06,8.06,8.06,0
BRKL,10-Apr-2015,10.22,10.28,10.09,10.18,84900
BRKR,10-Apr-2015,19.64,20.21,19.27,20.18,926000
BRKS,10-Apr-2015,11.5,11.57,11.43,11.44,179100
BSET,10-Apr-2015,31.55,32.4,30.32,31.4,119600
BSF,10-Apr-2015,9.96,10,9.91,10,21000
BSFT,10-Apr-2015,34.12,35.02,33.73,34.46,214700
BSPM,10-Apr-2015,8.82,8.82,8.54,8.68,41600
BSQR,10-Apr-2015,4.55,4.62,4.55,4.61,3000
BSRR,10-Apr-2015,16.8,16.8,16.54,16.63,8600
BSTC,10-Apr-2015,39.56,39.64,38.42,38.89,17800
BUR,10-Apr-2015,2.4,2.4,2.4,2.4,0
BUSE,10-Apr-2015,6.56,6.6,6.52,6.54,49000
BV,10-Apr-2015,5.85,5.89,5.77,5.85,686900
BVSN,10-Apr-2015,5.89,5.99,5.89,5.97,1000
BWEN,10-Apr-2015,4.77,4.77,4.64,4.69,40200
BWFG,10-Apr-2015,19.52,19.52,19.52,19.52,100
BWINA,10-Apr-2015,23.41,23.41,23.41,23.41,0
BWINB,10-Apr-2015,23.08,23.37,23.08,23.2,23700
BWLD,10-Apr-2015,183,186.66,182.9,184.89,341900
BYBK,10-Apr-2015,5.21,5.21,5.21,5.21,100
BYFC,10-Apr-2015,1.35,1.35,1.35,1.35,0
CA,10-Apr-2015,31.41,31.68,31.31,31.55,3222400
CAAS,10-Apr-2015,7.3,7.34,7.05,7.26,58000
CAC,10-Apr-2015,40.79,40.79,40.02,40.22,3700
CACC,10-Apr-2015,200.98,202.06,199.86,200.45,39800
CADC,10-Apr-2015,4.49,4.49,4.13,4.14,1500
CAKE,10-Apr-2015,49.09,49.6,48.92,49.12,437600
CALA,10-Apr-2015,18.45,18.5,17.55,17.88,159000
CALD,10-Apr-2015,13.29,13.5,13.21,13.28,278400
CALI,10-Apr-2015,1.65,1.8,1.43,1.64,83400
CALL,10-Apr-2015,7.25,7.35,7.13,7.26,60200
CALM,10-Apr-2015,39,40.07,38.88,39.24,565100
CAMP,10-Apr-2015,16.89,17.09,16.71,16.94,279000
CAMT,10-Apr-2015,3.22,3.29,3.15,3.16,43100
CAPR,10-Apr-2015,8,8.1,7.5,8,45200
CAR,10-Apr-2015,54.94,55.24,54.73,55,1067900
CARA,10-Apr-2015,10.75,11,10.61,10.93,357300
CARB,10-Apr-2015,11.78,11.83,11.74,11.8,124700
CARO,10-Apr-2015,13.22,13.41,13,13.41,3800
CART,10-Apr-2015,5.47,5.47,5.47,5.47,100
CARV,10-Apr-2015,5.2,5.69,5.18,5.21,14900
CARZ,10-Apr-2015,41.37,41.45,41.22,41.45,7400
CASH,10-Apr-2015,39.69,39.85,39.45,39.73,14700
CASI,10-Apr-2015,1.42,1.44,1.4,1.42,4800
CASM,10-Apr-2015,1.28,1.3,1.28,1.3,9800
CASS,10-Apr-2015,55.32,55.5,54.45,54.97,10100
CASY,10-Apr-2015,89.37,89.95,88.54,89.92,295300
CATM,10-Apr-2015,39,39.08,38.42,38.74,147800
CATY,10-Apr-2015,28.67,28.67,28.32,28.5,252200
CATYW,10-Apr-2015,8.14,8.14,8.14,8.14,0
CAVM,10-Apr-2015,72.44,73.2,71.53,71.76,302200
CBAK,10-Apr-2015,4.23,4.4,4.1,4.29,272400
CBAN,10-Apr-2015,8.3,8.3,8.25,8.29,2100
CBAY,10-Apr-2015,6.43,6.68,6.16,6.28,122900
CBFV,10-Apr-2015,19.61,19.61,19.61,19.61,200
CBLI,10-Apr-2015,3.84,3.85,3.57,3.67,10200
CBMG,10-Apr-2015,27.21,31,26.72,28.95,323200
CBOE,10-Apr-2015,57.05,57.3,56.5,57.23,429400
CBPO,10-Apr-2015,94.25,97.31,93.84,96.83,58000
CBRL,10-Apr-2015,148.24,150.4,147.74,148.89,257000
CBSH,10-Apr-2015,41.84,42.03,41.62,41.88,866300
CBSHP,10-Apr-2015,26.02,26.18,25.83,26.18,12700
CCBG,10-Apr-2015,16.08,16.1,15.8,15.95,28800
CCCL,10-Apr-2015,9.92,12.24,9.44,10.08,796800
CCD,10-Apr-2015,25.4,25.4,25.1,25.16,23200
CCIH,10-Apr-2015,12.41,12.52,12.02,12.38,120900
CCLP,10-Apr-2015,21,21.12,20.46,20.73,137800
CCMP,10-Apr-2015,49.54,49.81,49.39,49.42,72500
CCNE,10-Apr-2015,17.55,17.74,17.53,17.72,4800
CCOI,10-Apr-2015,35.27,35.64,35.16,35.45,116900
CCRN,10-Apr-2015,11.38,11.47,11.17,11.26,187800
CCUR,10-Apr-2015,6.2,6.2,5.95,6.07,47800
CCXI,10-Apr-2015,7.8,8.14,7.61,7.92,96500
CDC,10-Apr-2015,36.56,36.79,36.56,36.79,154500
CDK,10-Apr-2015,46.73,47.79,46.63,47.7,980100
CDNA,10-Apr-2015,5.17,5.25,5.09,5.25,12600
CDNS,10-Apr-2015,19.08,19.5,18.97,19.06,11189000
CDTI,10-Apr-2015,9.4,9.4,8.95,9.1,108500
CDW,10-Apr-2015,38.48,38.48,37.83,38.42,551000
CDXS,10-Apr-2015,4.82,5.01,4.8,4.98,340600
CDZI,10-Apr-2015,10,10.08,9.96,10,45100
CECE,10-Apr-2015,10.91,10.98,10.88,10.96,51500
CECO,10-Apr-2015,4.98,4.98,4.77,4.84,383500
CELG,10-Apr-2015,116.08,117.5,115.5,117.07,4505700
CELGZ,10-Apr-2015,2.88,2.93,2.82,2.89,12400
CEMI,10-Apr-2015,4.01,4.05,4,4.05,4100
CENT,10-Apr-2015,9.56,9.89,9.53,9.59,8800
CENTA,10-Apr-2015,10.3,10.58,10.19,10.22,140300
CENX,10-Apr-2015,13.84,13.84,13.37,13.49,2135400
CERN,10-Apr-2015,74.49,75.12,74.01,75,1615900
CERS,10-Apr-2015,3.89,3.92,3.83,3.9,955200
CETV,10-Apr-2015,2.69,2.69,2.62,2.63,86100
CEVA,10-Apr-2015,21.28,21.58,21.06,21.17,35300
CFA,10-Apr-2015,37.51,37.57,37.51,37.57,400
CFBK,10-Apr-2015,1.41,1.41,1.38,1.38,200
CFFI,10-Apr-2015,34.73,35.28,34.73,35.13,1700
CFFN,10-Apr-2015,12.43,12.43,12.38,12.41,159500
CFO,10-Apr-2015,37.13,37.55,37.13,37.53,9700
CFRX,10-Apr-2015,5.74,5.74,5.42,5.58,64800
CG,10-Apr-2015,27.6,28.22,27.32,27.81,474600
CGEN,10-Apr-2015,7.13,7.33,7.13,7.27,79900
CGIX,10-Apr-2015,8.9,9.4,8.89,9.29,144100
CGNT,10-Apr-2015,1.45,1.51,1.42,1.43,117900
CGNX,10-Apr-2015,51.53,51.7,51.1,51.46,436000
CGO,10-Apr-2015,13.75,13.81,13.71,13.76,24400
CHCI,10-Apr-2015,0.86,0.86,0.8,0.85,24600
CHCO,10-Apr-2015,47.3,47.6,47.03,47.31,33900
CHDN,10-Apr-2015,115.64,116.43,114.96,115.82,43800
CHEF,10-Apr-2015,21.66,21.92,21.32,21.57,55600
CHEK,10-Apr-2015,5.3,5.5,5.3,5.48,8500
CHEKW,10-Apr-2015,1.9,2.18,1.9,2.18,1200
CHFC,10-Apr-2015,31.14,31.38,30.9,31.25,66900
CHFN,10-Apr-2015,12.04,12.05,12,12.04,14800
CHI,10-Apr-2015,13.17,13.19,13.06,13.14,212000
CHKE,10-Apr-2015,19.81,19.98,19.45,19.89,13100
CHKP,10-Apr-2015,85.59,85.77,84.52,84.93,1104400
CHMG,10-Apr-2015,26.75,26.75,26.75,26.75,200
CHNR,10-Apr-2015,2.25,2.25,2.06,2.09,25400
CHRS,10-Apr-2015,27.11,27.61,25.97,26.05,267200
CHRW,10-Apr-2015,71.83,72.27,71.51,72.06,1039400
CHSCL,10-Apr-2015,27.8,27.86,27.75,27.84,58700
CHSCM,10-Apr-2015,26.12,26.12,25.9,25.95,74100
CHSCN,10-Apr-2015,27.13,27.14,26.95,26.95,36600
CHSCO,10-Apr-2015,28.75,28.79,28.63,28.75,18700
CHSCP,10-Apr-2015,31.37,31.37,30.99,31.29,3700
CHTR,10-Apr-2015,191.32,191.94,189.88,191.81,380700
CHUY,10-Apr-2015,23.32,23.98,23.25,23.65,116700
CHW,10-Apr-2015,8.87,8.89,8.83,8.85,167000
CHY,10-Apr-2015,14.54,14.56,14.46,14.47,181100
CIDM,10-Apr-2015,13.8,13.8,13.1,13.3,846900
CINF,10-Apr-2015,53.46,53.68,53.38,53.52,330000
CIZ,10-Apr-2015,36.36,36.56,36.36,36.56,3100
CIZN,10-Apr-2015,17.98,18.55,17.75,17.84,1400
CJJD,10-Apr-2015,3.3,3.47,3.08,3.11,439600
CLCT,10-Apr-2015,22.37,22.49,22.17,22.48,9800
CLDX,10-Apr-2015,27.43,28.88,27.14,28.56,1389600
CLFD,10-Apr-2015,15.61,15.61,15.32,15.56,21500
CLIR,10-Apr-2015,5.14,5.25,5.1,5.11,27000
CLLS,10-Apr-2015,32.38,35.2,32.11,34.87,400500
CLMT,10-Apr-2015,26.67,27,26.63,26.76,477300
CLNE,10-Apr-2015,5.6,6,5.6,5.97,1940700
CLNT,10-Apr-2015,3.35,3.45,3.35,3.41,12400
CLRB,10-Apr-2015,29,30.8,29,30.8,11900
CLRBW,10-Apr-2015,8.5,8.5,8.5,8.5,200
CLRO,10-Apr-2015,10.61,10.61,10.56,10.59,4500
CLSN,10-Apr-2015,2.5,2.6,2.45,2.6,60400
CLUB,10-Apr-2015,6.96,6.99,6.81,6.85,94800
CLVS,10-Apr-2015,75.09,78.16,74.85,77.4,404700
CLWT,10-Apr-2015,3.1,3.75,3.03,3.26,60400
CMCO,10-Apr-2015,26.94,26.95,26.21,26.26,55400
CMCSA,10-Apr-2015,29.9,30.085,29.73,29.905,15903800
CMCT,10-Apr-2015,18.22,18.44,18.22,18.41,600
CME,10-Apr-2015,90.67,92.43,90.57,92.27,1710300
CMFN,10-Apr-2015,13.66,13.89,13.18,13.44,25800
CMPR,10-Apr-2015,91.52,91.63,89.95,90.43,151800
CMRX,10-Apr-2015,37.47,37.95,37.18,37.54,228100
CMTL,10-Apr-2015,30.65,31.9,30.65,31.65,160900
CNAT,10-Apr-2015,6.19,6.21,6.03,6.08,535600
CNBKA,10-Apr-2015,40.01,40.01,39.65,39.65,1000
CNCE,10-Apr-2015,15.4,15.4,14.68,14.71,150200
CNET,10-Apr-2015,1.75,1.75,1.61,1.62,283900
CNIT,10-Apr-2015,4.88,4.99,4.83,4.93,35700
CNMD,10-Apr-2015,48.88,49.98,48.88,49.28,111600
CNOB,10-Apr-2015,19.9,19.9,19.56,19.6,16500
CNSL,10-Apr-2015,21.15,21.36,21.01,21.23,301700
CNTF,10-Apr-2015,5.25,5.5,5,5.1,314700
CNTY,10-Apr-2015,5.73,5.78,5.44,5.48,25200
COBZ,10-Apr-2015,12.2,12.24,12,12.15,87300
COHR,10-Apr-2015,67.18,67.2,66.29,66.82,55100
COHU,10-Apr-2015,11.29,11.4,11.1,11.37,49500
COKE,10-Apr-2015,114.32,115.99,114.24,115.86,19500
COLB,10-Apr-2015,28.8,29.04,28.57,29.01,219200
COLM,10-Apr-2015,61.54,61.83,60.85,61.12,218200
COMM,10-Apr-2015,29.21,29.78,29.09,29.41,1140300
COMT,10-Apr-2015,39.16,39.37,39.16,39.29,11700
CONE,10-Apr-2015,31.66,31.79,31.42,31.62,463700
CONN,10-Apr-2015,32.19,32.52,32.05,32.37,630300
COOL,10-Apr-2015,6.84,7.44,6.84,6.9,33100
CORE,10-Apr-2015,32.445,32.455,32.15,32.295,132000
CORI,10-Apr-2015,7.54,7.54,7.16,7.16,300
CORT,10-Apr-2015,6.28,6.51,6.18,6.47,332100
COST,10-Apr-2015,149.4,150.03,148.62,149.63,1572900
COWN,10-Apr-2015,5.5,5.62,5.45,5.52,877000
COWNL,10-Apr-2015,26,26.85,26,26.82,7300
CPAH,10-Apr-2015,5.6,5.6,4.7,5.3,11200
CPHC,10-Apr-2015,10.34,10.34,10.12,10.12,1500
CPIX,10-Apr-2015,7.01,7.06,6.93,7,55600
CPLA,10-Apr-2015,65.49,66.33,65.49,65.71,24500
CPLP,10-Apr-2015,9.88,9.99,9.84,9.88,302000
CPRT,10-Apr-2015,18.97,19.04,18.87,18.93,225500
CPRX,10-Apr-2015,4.7,4.73,4.62,4.67,179700
CPSH,10-Apr-2015,2.75,2.8,2.75,2.79,9100
CPSI,10-Apr-2015,53.69,53.69,52.65,53.24,88600
CPSS,10-Apr-2015,7.1,7.18,6.97,6.97,41600
CPST,10-Apr-2015,12.4,12.6,12.2,12.4,1432000
CPTA,10-Apr-2015,18,18.08,17.83,18.08,199600
CRAI,10-Apr-2015,31.69,32.01,31.42,31.91,24700
CRAY,10-Apr-2015,29.8,29.98,29.4,29.7,160000
CREE,10-Apr-2015,35.64,35.74,35,35.28,844600
CREG,10-Apr-2015,10.4,10.8,9.9,10.3,296700
CRESY,10-Apr-2015,13.36,13.57,13.26,13.37,275900
CRIS,10-Apr-2015,2.82,2.84,2.76,2.8,453400
CRME,10-Apr-2015,9.5,9.69,9.26,9.6,173700
CRMT,10-Apr-2015,52.29,52.89,52.25,52.41,35100
CRNT,10-Apr-2015,1.18,1.2,1.16,1.19,96300
CROX,10-Apr-2015,12.44,12.54,12.29,12.43,533500
CRTO,10-Apr-2015,41.83,42.44,41.52,41.57,407900
CRUS,10-Apr-2015,33.97,34.5,33.71,33.89,899700
CRVL,10-Apr-2015,36.5,37.05,36.22,36.83,30900
CRWS,10-Apr-2015,8.49,8.5,8.41,8.5,5300
CRZO,10-Apr-2015,51.69,52.01,51.08,51.61,616500
CSBK,10-Apr-2015,13.8,13.99,13.8,13.99,93200
CSCO,10-Apr-2015,27.58,28.08,27.56,28.04,24634500
CSF,10-Apr-2015,39.69,39.69,39.5,39.53,3100
CSFL,10-Apr-2015,12.05,12.12,11.94,12.02,16800
CSGP,10-Apr-2015,200.33,207.51,200.33,207.36,257400
CSGS,10-Apr-2015,30.56,30.83,30.37,30.63,150000
CSII,10-Apr-2015,41.28,41.28,40.17,40.21,196800
CSIQ,10-Apr-2015,34.13,34.79,34,34.54,1410400
CSOD,10-Apr-2015,29.6,29.67,29.01,29.28,332800
CSPI,10-Apr-2015,6.55,6.55,6.54,6.55,500
CSQ,10-Apr-2015,11.2,11.28,11.19,11.27,247100
CSTE,10-Apr-2015,58.83,59.4,58.41,59.35,139400
CSWC,10-Apr-2015,48.13,48.13,47.2,47.26,41400
CSX,10-Apr-2015,33.95,34.08,33.72,33.75,8002900
CTAS,10-Apr-2015,81.85,82.49,81.6,82.32,471000
CTBI,10-Apr-2015,32.65,33.06,32.48,32.99,19900
CTG,10-Apr-2015,7.94,7.94,7.66,7.68,28600
CTHR,10-Apr-2015,1.41,1.42,1.31,1.36,114200
CTIB,10-Apr-2015,4.05,4.05,4.02,4.02,2700
CTIC,10-Apr-2015,19.1,19.3,19,19.3,664400
CTRE,10-Apr-2015,13.48,13.76,13.41,13.47,55400
CTRL,10-Apr-2015,12.04,12.34,11.93,12.17,70600
CTRN,10-Apr-2015,26.08,26.18,25.76,25.85,98000
CTRP,10-Apr-2015,31.82,32.175,30.825,31.525,2622600
CTRV,10-Apr-2015,3.36,3.4,3.1,3.15,34400
CTSH,10-Apr-2015,63.2,63.22,62.7,62.8,2222400
CTSO,10-Apr-2015,8.27,8.62,8.17,8.2,229300
CTWS,10-Apr-2015,36.53,37.46,36.3,37.03,25200
CTXS,10-Apr-2015,48.6863,50.9713,48.4475,50.7962,8691100
CUBA,10-Apr-2015,10.68,10.68,10.08,10.26,228600
CUI,10-Apr-2015,5.85,5.85,5.71,5.71,88000
CUTR,10-Apr-2015,13.01,13.64,13,13.27,88500
CVBF,10-Apr-2015,15.73,15.82,15.61,15.81,169600
CVCO,10-Apr-2015,74.35,74.35,70.39,72.09,34200
CVCY,10-Apr-2015,10.46,10.78,10.41,10.69,4800
CVGI,10-Apr-2015,6.36,6.44,6.24,6.28,34800
CVGW,10-Apr-2015,50.47,50.92,50.08,50.58,117600
CVLT,10-Apr-2015,47.44,47.47,46.35,46.74,449700
CVLY,10-Apr-2015,20.5,20.62,20.5,20.62,300
CVTI,10-Apr-2015,32.3,33.07,32.07,32.75,173800
CVV,10-Apr-2015,13.4,13.59,13.31,13.35,5900
CWAY,10-Apr-2015,11.17,11.22,10.91,11.02,6500
CWBC,10-Apr-2015,6.63,6.63,6.63,6.63,0
CWCO,10-Apr-2015,12.21,12.29,12.07,12.22,57600
CWST,10-Apr-2015,5.69,5.75,5.56,5.68,197700
CXDC,10-Apr-2015,5.62,5.7,5.62,5.66,289000
CY,10-Apr-2015,14.1,14.29,14.07,14.11,3223800
CYAN,10-Apr-2015,9.71,9.8,9.57,9.8,14400
CYBE,10-Apr-2015,10.31,11,10.31,10.99,33900
CYBR,10-Apr-2015,59.39,60.74,58.51,58.79,1507800
CYCC,10-Apr-2015,11.16,11.16,10.8,11.16,88000
CYCCP,10-Apr-2015,6.68,6.68,6.68,6.68,300
CYHHZ,10-Apr-2015,0.02,0.03,0.02,0.02,55300
CYOU,10-Apr-2015,27.95,27.98,27.54,27.73,67800
CYRN,10-Apr-2015,3.04,3.05,2.95,3.03,87300
CYTK,10-Apr-2015,7.1,7.35,7.02,7.26,187400
CYTR,10-Apr-2015,4.15,4.5,4.05,4.46,2153100
CYTX,10-Apr-2015,18.9,18.9,17.85,18.6,2671700
CZFC,10-Apr-2015,12.27,12.27,12.27,12.27,0
CZNC,10-Apr-2015,20.78,21.17,20.72,20.85,25200
CZR,10-Apr-2015,11.33,11.5,10.96,11.32,560900
CZWI,10-Apr-2015,9.25,9.25,9.25,9.25,3000
DAIO,10-Apr-2015,3.7,3.8,3.61,3.75,3000
DAKT,10-Apr-2015,11.2,11.2,10.93,11.04,121000
DAVE,10-Apr-2015,28.24,29.25,28,28.78,29500
DAX,10-Apr-2015,28.52,28.86,28.52,28.86,27600
DBVT,10-Apr-2015,26.68,27.25,26.35,26.58,179200
DCIX,10-Apr-2015,20,20.64,20,20.4,50200
DCOM,10-Apr-2015,16.24,16.31,16.06,16.26,34800
DENN,10-Apr-2015,11.92,12.08,11.87,11.97,541800
DEPO,10-Apr-2015,24.66,24.92,24.5,24.72,808900
DERM,10-Apr-2015,15.25,15.25,14.88,15,21200
DEST,10-Apr-2015,14.97,14.97,14.45,14.66,43600
DFRG,10-Apr-2015,19.87,20.4,19.85,20.3,137400
DFVS,10-Apr-2015,31.31,31.78,31.25,31.78,14200
DGICA,10-Apr-2015,15.12,15.48,15.12,15.26,3500
DGICB,10-Apr-2015,18,18,18,18,0
DGII,10-Apr-2015,10.05,10.05,9.88,9.94,28600
DGLD,10-Apr-2015,69.83,70.2,69.5,69.79,6600
DGLY,10-Apr-2015,15.66,15.66,14.27,14.47,742200
DGRE,10-Apr-2015,25.18,25.22,25.11,25.2,4700
DGRS,10-Apr-2015,30.17,30.21,30.1,30.19,3900
DGRW,10-Apr-2015,31.69,31.77,31.54,31.69,150600
DHIL,10-Apr-2015,168.67,169.9,168,168.5,1900
DIOD,10-Apr-2015,28.16,28.21,27.83,27.87,113600
DISCA,10-Apr-2015,33.3,33.31,32.91,33.04,2255800
DISCB,10-Apr-2015,33.13,33.13,33.13,33.13,0
DISCK,10-Apr-2015,32.22,32.22,31.8,31.82,1932800
DISH,10-Apr-2015,71.88,72.2,71.77,71.83,500600
DJCO,10-Apr-2015,193.2,193.2,193.2,193.2,0
DLBS,10-Apr-2015,19.32,19.57,19.29,19.57,1600
DLHC,10-Apr-2015,2.12,2.12,2.03,2.03,1300
DLTR,10-Apr-2015,82.64,83.19,82.5,82.87,1276100
DMLP,10-Apr-2015,23.02,23.4,22.96,23.03,25500
DMRC,10-Apr-2015,21.76,22.29,21.17,21.79,35000
DNBF,10-Apr-2015,25,25.25,24.58,25,700
DNKN,10-Apr-2015,48.83,49.44,48.58,49.26,1531700
DORM,10-Apr-2015,49.64,50,49.58,49.75,110100
DOX,10-Apr-2015,54.15,54.49,54.03,54.37,385300
DRAD,10-Apr-2015,4.66,4.79,4.6,4.78,45100
DRNA,10-Apr-2015,18.37,18.69,17.84,18.32,171100
DRRX,10-Apr-2015,1.9,1.98,1.9,1.98,1055200
DRYS,10-Apr-2015,1344000,1344000,1293600,1327200,2931100
DSGX,10-Apr-2015,15.81,15.81,15.65,15.66,11300
DSLV,10-Apr-2015,53.43,55.49,52.6,54.52,28400
DSPG,10-Apr-2015,11.97,12.02,11.87,11.89,24900
DSWL,10-Apr-2015,1.88,1.91,1.86,1.9,71800
DTUS,10-Apr-2015,32.45,32.54,32.39,32.54,1800
DTYS,10-Apr-2015,18.85,19.23,18.83,19.15,27900
DVAX,10-Apr-2015,22.54,23.12,22.41,22.61,262000
DVCR,10-Apr-2015,15.83,16.1,15.65,16,9900
DWAT,10-Apr-2015,10.7,10.76,10.7,10.71,6000
DWCH,10-Apr-2015,7.06,7.18,7.02,7.17,13400
DWSN,10-Apr-2015,5.02,5.23,4.89,5.18,29300
DXCM,10-Apr-2015,65.3,68.49,65.02,67.89,1310600
DXGE,10-Apr-2015,32.54,32.56,32.42,32.56,439800
DXJS,10-Apr-2015,34.76,34.93,34.67,34.9,15600
DXLG,10-Apr-2015,5.01,5.01,4.88,4.96,35400
DXPE,10-Apr-2015,45.42,45.66,44.65,45.21,73300
DXPS,10-Apr-2015,27.06,27.22,27.06,27.09,5400
DXYN,10-Apr-2015,9.94,10.7,9.75,10.24,183200
DYNT,10-Apr-2015,2.85,2.85,2.85,2.85,0
DYSL,10-Apr-2015,1.4,1.4,1.38,1.4,7400
EA,10-Apr-2015,57.74,58.39,57.25,58.35,2546700
EARS,10-Apr-2015,6,6.06,5.65,5.76,16000
EBAY,10-Apr-2015,24.1768,24.2905,24.0253,24.1432,5094500
EBIO,10-Apr-2015,9.01,10.48,9.01,10.37,261400
EBIX,10-Apr-2015,28.78,29.52,28.67,29.23,254000
EBMT,10-Apr-2015,10.85,10.85,10.81,10.81,4100
EBSB,10-Apr-2015,13.06,13.06,12.89,12.98,42600
EBTC,10-Apr-2015,21.82,21.87,21.73,21.77,1600
ECHO,10-Apr-2015,24.38,24.7,24.07,24.46,243500
ECOL,10-Apr-2015,49.64,49.77,49.24,49.37,71000
ECPG,10-Apr-2015,41.75,41.95,41.64,41.7,196500
ECYT,10-Apr-2015,6.19,6.45,6.16,6.34,455500
EDAP,10-Apr-2015,3.28,3.4,3.25,3.37,146600
EDGW,10-Apr-2015,7,7.02,6.8,6.94,19100
EDUC,10-Apr-2015,4.39,4.39,4.39,4.39,300
EEFT,10-Apr-2015,57.84,57.9,56.35,57.09,263700
EEI,10-Apr-2015,8.75,9.5,8.52,9.2,73000
EEMA,10-Apr-2015,65.29,65.4,64.92,65.38,20500
EFII,10-Apr-2015,41.94,42.17,41.61,42.07,180100
EFOI,10-Apr-2015,5.19,5.19,5.1,5.1,7900
EFSC,10-Apr-2015,20.73,20.96,20.73,20.85,9000
EGAN,10-Apr-2015,3.57,3.57,3.54,3.54,7900
EGBN,10-Apr-2015,37.2,37.35,37.01,37.12,77000
EGLE,10-Apr-2015,172,173.4,161.8,163.8,95800
EGLT,10-Apr-2015,11.58,11.66,11.4,11.46,72500
EGOV,10-Apr-2015,17.49,17.49,17.25,17.4,144500
EGRX,10-Apr-2015,50.51,52.5,48.25,49.31,236500
EHTH,10-Apr-2015,10.53,10.7,10.49,10.66,152500
EIGI,10-Apr-2015,21.25,22.19,21.21,22.1,2308400
ELGX,10-Apr-2015,17.61,17.61,17.26,17.41,312200
ELON,10-Apr-2015,9.7,9.7,9.3,9.6,22600
ELSE,10-Apr-2015,4.13,4.16,4.13,4.15,600
ELTK,10-Apr-2015,1.02,1.07,1,1.07,5200
EMCB,10-Apr-2015,72.52,72.86,72.33,72.69,2100
EMCF,10-Apr-2015,25.12,25.12,25.12,25.12,0
EMCG,10-Apr-2015,26.51,26.64,26.47,26.64,6500
EMCI,10-Apr-2015,23,23.06,22.6933,22.8667,9700
EMIF,10-Apr-2015,35.38,35.42,35.22,35.42,2100
EMITF,10-Apr-2015,3.84,4.05,3.84,3.87,25000
EMKR,10-Apr-2015,5.65,5.74,5.65,5.69,58500
EML,10-Apr-2015,19.98,20.33,19.7,20.04,27000
EMMS,10-Apr-2015,7.6,7.72,7.6,7.72,17200
ENDP,10-Apr-2015,93.58,94.74,93.06,94.46,1497400
ENFC,10-Apr-2015,15.5,15.6,15.41,15.6,25300
ENG,10-Apr-2015,1.5,1.63,1.5,1.6,25000
ENPH,10-Apr-2015,13.29,13.38,13.1,13.23,337000
ENSG,10-Apr-2015,23.165,23.165,22.56,22.795,153800
ENT,10-Apr-2015,13.33,13.33,12.78,13.03,611700
ENTA,10-Apr-2015,35.36,36.46,35.36,36,256000
ENTG,10-Apr-2015,14.13,14.15,13.98,14.04,503700
ENTL,10-Apr-2015,24.14,24.6,23.74,24.34,15600
ENZY,10-Apr-2015,8.85,8.85,8.59,8.75,18000
EPAY,10-Apr-2015,27.51,27.83,27.28,27.63,92400
EPZM,10-Apr-2015,18.44,18.67,18.17,18.37,96700
EQIX,10-Apr-2015,239.82,241.24,236.48,239.65,524600
ERI,10-Apr-2015,6.19,6.42,6.13,6.33,181300
ERIC,10-Apr-2015,12.76,12.87,12.7,12.86,1434300
ERIE,10-Apr-2015,86.11,86.11,84.91,85.39,22200
ERII,10-Apr-2015,3.45,3.49,3.33,3.44,153700
ESBK,10-Apr-2015,20.28,20.4,20.07,20.4,600
ESCA,10-Apr-2015,17.53,17.55,17.26,17.48,20400
ESEA,10-Apr-2015,0.77,0.77,0.74,0.77,6400
ESES,10-Apr-2015,5.76,6.15,5.76,6.15,700
ESGR,10-Apr-2015,142.66,142.8,142,142.25,10300
ESIO,10-Apr-2015,6.15,6.3,6.03,6.03,46400
ESLT,10-Apr-2015,73.17,73.19,72.66,72.66,26900
ESPR,10-Apr-2015,99.93,102.43,99.19,100.86,316300
ESRX,10-Apr-2015,88.39,89.59,88.05,88.85,4469800
ESSA,10-Apr-2015,12.8,12.84,12.75,12.83,3700
ESXB,10-Apr-2015,4.42,4.42,4.39,4.4,4900
ETFC,10-Apr-2015,28.35,28.38,27.98,28.25,1637300
EUFN,10-Apr-2015,23.49,23.5,23.39,23.45,322100
EVEP,10-Apr-2015,14.2,14.24,14,14.19,251200
EVK,10-Apr-2015,6.58,6.9,6.46,6.59,36900
EVLV,10-Apr-2015,6.57,6.63,6.42,6.6,159900
EVOK,10-Apr-2015,7.2,7.28,7.15,7.28,8300
EVOL,10-Apr-2015,9.75,9.86,9.68,9.68,34400
EWBC,10-Apr-2015,41.05,41.34,40.74,41.3,566300
EXAC,10-Apr-2015,25.55,26.03,25.55,25.78,33800
EXAS,10-Apr-2015,22.87,23.22,22.63,22.76,673500
EXEL,10-Apr-2015,3.06,3.1,2.98,3.04,3039100
EXFO,10-Apr-2015,3.61,3.61,3.54,3.58,3400
EXLS,10-Apr-2015,35.02,35.03,34.14,34.21,212400
EXPD,10-Apr-2015,46.59,46.94,46.53,46.87,653800
EXPE,10-Apr-2015,98.33,99.59,98.25,99.19,1013800
EXPO,10-Apr-2015,44.945,44.955,44.385,44.875,24400
EXTR,10-Apr-2015,2.33,2.58,2.33,2.5,10105900
EXXI,10-Apr-2015,4.04,4.15,4,4.07,2449000
EYES,10-Apr-2015,13.36,14.35,13.1,13.47,749200
EZPW,10-Apr-2015,9.54,9.7,9.37,9.47,273600
FANG,10-Apr-2015,81.39,81.66,80.22,80.75,899600
FARM,10-Apr-2015,24.88,24.88,24.53,24.77,11500
FARO,10-Apr-2015,61.75,61.97,60.86,61.82,68600
FAST,10-Apr-2015,40.39,40.5,39.89,40.01,4111300
FATE,10-Apr-2015,5.05,5.22,5.02,5.22,36000
FB,10-Apr-2015,82.2,82.61,81.91,82.04,12529700
FBIZ,10-Apr-2015,44.64,45.49,44.17,44.99,15800
FBMS,10-Apr-2015,15.52,15.54,15.52,15.54,900
FBNC,10-Apr-2015,17.51,17.51,17.25,17.26,19900
FBNK,10-Apr-2015,15.51,15.51,15.1,15.23,18000
FBSS,10-Apr-2015,16.72,16.72,16.72,16.72,0
FCAP,10-Apr-2015,24,24,24,24,200
FCBC,10-Apr-2015,17.82,17.82,17.54,17.65,12300
FCCO,10-Apr-2015,12.01,12.01,11.62,11.64,2600
FCCY,10-Apr-2015,11.52,11.56,11.37,11.39,11700
FCEL,10-Apr-2015,15.84,15.84,15.24,15.36,1980800
FCNCA,10-Apr-2015,257.4,257.4,251.03,256.43,23800
FCSC,10-Apr-2015,12.48,12.99,12.39,12.81,21900
FDEF,10-Apr-2015,34,34,33.29,33.32,17000
FDIV,10-Apr-2015,50.5,50.5,50.5,50.5,300
FDUS,10-Apr-2015,15.91,16.02,15.52,15.83,62100
FEIM,10-Apr-2015,14.17,14.8,14,14.8,10300
FELE,10-Apr-2015,39.2,39.21,38.78,38.97,118300
FEMB,10-Apr-2015,46.38,46.38,46.38,46.38,0
FEUZ,10-Apr-2015,33.48,33.48,33.36,33.36,800
FEYE,10-Apr-2015,41.41,43.28,40.94,43.24,8759200
FFBC,10-Apr-2015,17.7,17.8,17.62,17.66,53100
FFHL,10-Apr-2015,0.85,0.85,0.69,0.69,28000
FFIC,10-Apr-2015,20.33,20.33,20.12,20.23,23700
FFIN,10-Apr-2015,28.07,28.07,27.74,27.98,98300
FFIV,10-Apr-2015,114.89,116.01,113.52,113.82,1932700
FFKT,10-Apr-2015,23.38,23.45,23.27,23.43,3900
FFNW,10-Apr-2015,12.31,12.31,12.21,12.21,4700
FFWM,10-Apr-2015,9.33,9.45,9.275,9.295,5600
FGEN,10-Apr-2015,29.98,30.11,29.64,29.9,55800
FIBK,10-Apr-2015,27.53,27.71,27.39,27.55,540000
FINL,10-Apr-2015,25.19,25.33,24.91,25.15,631300
FISI,10-Apr-2015,22.78,22.9,22.63,22.82,26100
FISV,10-Apr-2015,79.92,79.92,78.45,79.06,1446200
FITB,10-Apr-2015,19.2,19.25,19,19.05,3940200
FITBI,10-Apr-2015,28.4,28.44,28.35,28.44,13100
FIVE,10-Apr-2015,37.07,37.07,36.25,36.28,528700
FIVN,10-Apr-2015,5.12,5.46,5.11,5.3,272800
FIZZ,10-Apr-2015,24.36,24.77,23.76,23.91,20700
FLAT,10-Apr-2015,61.12,61.12,61.12,61.12,100
FLDM,10-Apr-2015,41.52,42.74,41.28,42.26,111400
FLEX,10-Apr-2015,12.71,12.84,12.66,12.84,1940500
FLIC,10-Apr-2015,25.65,25.99,25.35,25.96,15500
FLIR,10-Apr-2015,31.28,31.44,31.14,31.19,388800
FLKS,10-Apr-2015,19.85,19.85,19.26,19.59,23400
FLL,10-Apr-2015,1.45,1.46,1.42,1.45,9600
FLWS,10-Apr-2015,11.3,11.3,11.05,11.17,288500
FLXN,10-Apr-2015,23.12,23.2,22.92,23.03,32400
FLXS,10-Apr-2015,32.63,32.77,31.99,32.3,16000
FMB,10-Apr-2015,52.03,52.03,51.88,51.99,5700
FMBH,10-Apr-2015,20.01,20.01,20.01,20.01,0
FMBI,10-Apr-2015,17.27,17.42,17.18,17.27,206400
FMI,10-Apr-2015,50.92,50.94,48.66,48.7,290000
FMNB,10-Apr-2015,8.19,8.21,8.16,8.19,700
FNGN,10-Apr-2015,42.05,42.38,41.35,42.31,254000
FNHC,10-Apr-2015,31.55,31.76,29.82,31.25,215400
FNJN,10-Apr-2015,1.9,1.98,1.9,1.94,16500
FNLC,10-Apr-2015,16.64,16.79,16.41,16.59,62500
FNSR,10-Apr-2015,21.5,21.64,21.01,21.05,885100
FNWB,10-Apr-2015,12.29,12.36,12.29,12.36,7300
FOLD,10-Apr-2015,11.59,12.2,11.59,12.19,1518900
FOMX,10-Apr-2015,9.24,9.89,9.24,9.87,63800
FONE,10-Apr-2015,41.19,41.64,41.19,41.63,2600
FONR,10-Apr-2015,12.19,13,12.19,12.31,18800
FORD,10-Apr-2015,0.73,0.78,0.73,0.73,500
FORM,10-Apr-2015,9.36,9.49,9.29,9.39,328700
FORR,10-Apr-2015,37.05,37.23,36.48,36.89,32500
FORTY,10-Apr-2015,26.73,26.85,26.73,26.85,500
FOSL,10-Apr-2015,85.05,85.71,84.4,85.36,753700
FOX,10-Apr-2015,33.55,33.56,33.2,33.37,1867800
FOXA,10-Apr-2015,34.48,34.49,34.15,34.34,9160800
FOXF,10-Apr-2015,15.18,15.18,14.84,15,88200
FPRX,10-Apr-2015,20.02,21.02,19.89,20.98,191100
FPXI,10-Apr-2015,30.91,30.91,30.91,30.91,0
FRAN,10-Apr-2015,17.26,17.62,17.21,17.43,645400
FRBA,10-Apr-2015,5.97,6.04,5.96,6.04,9600
FRBK,10-Apr-2015,3.51,3.51,3.4,3.42,131500
FRED,10-Apr-2015,16.9,17.12,16.76,16.98,228200
FRGI,10-Apr-2015,61.56,61.93,61.07,61.24,132300
FRME,10-Apr-2015,23.55,23.55,23.24,23.35,30600
FRPH,10-Apr-2015,36.99,36.99,34.4,34.71,19500
FRPT,10-Apr-2015,25.9,25.9,23.82,24.09,594800
FRSH,10-Apr-2015,19.25,19.35,18.73,19.19,126900
FSBW,10-Apr-2015,19.55,19.74,19.55,19.7,14900
FSFG,10-Apr-2015,29.31,29.65,29.31,29.65,300
FSLR,10-Apr-2015,61.36,61.7,61.02,61.3,774300
FSNN,10-Apr-2015,4.15,4.29,4.13,4.26,26900
FSTR,10-Apr-2015,45,45.12,44.82,45,37900
FTCS,10-Apr-2015,38.9,38.95,38.8,38.92,24500
FTD,10-Apr-2015,29.21,29.5,29.02,29.26,224500
FTEK,10-Apr-2015,3.07,3.07,3.03,3.06,22600
FTGC,10-Apr-2015,24.28,24.31,24.16,24.23,16300
FTHI,10-Apr-2015,20.88,20.88,20.88,20.88,0
FTLB,10-Apr-2015,20.53,20.53,20.53,20.53,0
FTNT,10-Apr-2015,35.36,35.86,35.17,35.62,1478200
FTR,10-Apr-2015,7.28,7.5,7.28,7.43,11179200
FTSL,10-Apr-2015,49.47,49.5,49.45,49.5,40800
FTSM,10-Apr-2015,60.05,60.09,60.04,60.05,166000
FULT,10-Apr-2015,12.36,12.41,12.27,12.36,367800
FUNC,10-Apr-2015,8.95,9,8.83,8.94,7200
FUND,10-Apr-2015,7.43,7.44,7.36,7.39,85300
FV,10-Apr-2015,24.28,24.41,24.23,24.39,1527300
FWP,10-Apr-2015,30.44,32.83,30.37,32.04,60400
FWRD,10-Apr-2015,51.19,51.65,50.89,51.29,198900
GABC,10-Apr-2015,19.7,19.72,19.5133,19.64,10300
GAIA,10-Apr-2015,7.13,7.13,6.88,6.95,26000
GAIN,10-Apr-2015,7.44,7.53,7.44,7.46,126100
GAINO,10-Apr-2015,25.63,25.81,25.41,25.45,1600
GALE,10-Apr-2015,26.6,27.8,26,27.6,4211900
GALT,10-Apr-2015,3.26,3.37,3.24,3.26,44800
GARS,10-Apr-2015,14.93,14.98,14.89,14.92,29000
GASS,10-Apr-2015,6.55,6.57,6.42,6.45,33600
GBCI,10-Apr-2015,25.11,25.27,24.89,25.11,216000
GBDC,10-Apr-2015,17.4,17.7,17.36,17.65,1096900
GBLI,10-Apr-2015,28.14,28.43,27.45,27.77,11400
GBNK,10-Apr-2015,16.83,17,16.27,16.41,15500
GCBC,10-Apr-2015,14.075,14.075,14.075,14.075,0
GCVRZ,10-Apr-2015,0.72,0.74,0.71,0.74,598500
GENC,10-Apr-2015,6.58,6.58,6.58,6.58,100
GENE,10-Apr-2015,4.52,4.6,4.29,4.34,775700
GEOS,10-Apr-2015,18.17,18.79,18.16,18.54,220200
GERN,10-Apr-2015,3.97,4.08,3.95,4.08,1679900
GEVO,10-Apr-2015,57,60,54,60,2017000
GFED,10-Apr-2015,14.4,14.4,14.4,14.4,0
GFN,10-Apr-2015,7.92,8.31,7.71,7.73,44700
GFNCP,10-Apr-2015,110.1,110.1,110.1,110.1,0
GFNSL,10-Apr-2015,26.75,27.01,26.25,26.26,11900
GGAL,10-Apr-2015,23.23,23.72,23.2,23.54,407400
GHDX,10-Apr-2015,30.65,31.9,30.58,31.27,143100
GIFI,10-Apr-2015,15.91,16.06,15.75,15.86,34000
GIGM,10-Apr-2015,3.95,4.9,3.9,4.4,775700
GIII,10-Apr-2015,58.985,58.985,57.985,58.745,115700
GILD,10-Apr-2015,101.75,102.45,101.06,101.77,9257600
GILT,10-Apr-2015,6.6,6.75,6.6,6.7,9300
GLAD,10-Apr-2015,8.82,8.94,8.78,8.78,62100
GLBS,10-Apr-2015,5.52,5.96,5.52,5.96,1600
GLBZ,10-Apr-2015,12.45,12.45,12.45,12.45,0
GLDD,10-Apr-2015,5.98,6.05,5.9,5.93,130000
GLDI,10-Apr-2015,11.94,11.98,11.93,11.98,8400
GLMD,10-Apr-2015,9.08,9.86,8.94,9.69,34500
GLNG,10-Apr-2015,34.06,35.11,33.9,34.98,1092400
GLPI,10-Apr-2015,36.72,37.18,36.56,36.7,416300
GLRE,10-Apr-2015,31.27,31.28,30.81,30.91,126600
GLUU,10-Apr-2015,5.09,5.11,5.05,5.08,718900
GLYC,10-Apr-2015,8.63,8.93,8.47,8.79,62400
GMLP,10-Apr-2015,27.13,27.68,27.02,27.54,254300
GNBC,10-Apr-2015,11.35,11.4,11.05,11.25,23600
GNCA,10-Apr-2015,13.37,13.59,13,13.05,140200
GNCMA,10-Apr-2015,16.6,16.91,16.38,16.41,155200
GNMA,10-Apr-2015,50.64,50.71,50.6,50.6,1600
GNMK,10-Apr-2015,11.7,11.88,11.63,11.8,164600
GNTX,10-Apr-2015,18.08,18.22,18.06,18.22,1232300
GOGL,10-Apr-2015,25.2,25.7,24.8,25.7,191100
GOGO,10-Apr-2015,19.9,20.16,19.68,19.86,508200
GOLD,10-Apr-2015,71.05,71.57,70.76,71.19,461200
GOOD,10-Apr-2015,18.37,18.53,18.37,18.5,86900
GOODO,10-Apr-2015,25.47,25.47,25.19,25.19,4500
GOODP,10-Apr-2015,25.96,25.96,25.96,25.96,600
GOOG,10-Apr-2015,542.29,542.29,537.31,540.01,1405500
GOOGL,10-Apr-2015,549.57,549.85,544.98,548.54,1305200
GPIC,10-Apr-2015,12,12.01,11.9,11.95,4800
GPOR,10-Apr-2015,47.01,47.58,46.56,47.39,798000
GPRE,10-Apr-2015,29.14,30.15,28.78,30.07,503500
GPRO,10-Apr-2015,44.63,45.63,44.35,45.25,6098400
GRBK,10-Apr-2015,8.47,8.63,8.39,8.6,49600
GRFS,10-Apr-2015,17.215,17.37,17.105,17.3,375600
GRID,10-Apr-2015,37.92,37.92,37.92,37.92,0
GRIF,10-Apr-2015,31.8,31.8,31.8,31.8,0
GRMN,10-Apr-2015,46.45,46.88,46.15,46.66,1203200
GROW,10-Apr-2015,3.28,3.3,3.1,3.17,28100
GRPN,10-Apr-2015,7.34,7.45,7.29,7.38,6150800
GRVY,10-Apr-2015,3.76,4.08,3.76,4.08,1300
GSBC,10-Apr-2015,38.74,38.78,37.87,37.91,40300
GSIT,10-Apr-2015,5.46,5.58,5.43,5.46,10000
GSM,10-Apr-2015,21.03,21.05,20.47,20.85,410900
GSVC,10-Apr-2015,9.95,10.12,9.94,9.94,57900
GT,10-Apr-2015,27.63,27.75,27.39,27.71,1761300
GTIM,10-Apr-2015,7.6,7.89,7.52,7.77,24400
GTLS,10-Apr-2015,40.17,40.28,38.93,39.29,310000
GTXI,10-Apr-2015,0.66,0.71,0.65,0.71,84600
GULF,10-Apr-2015,20.58,20.58,20.45,20.55,3900
GURE,10-Apr-2015,1.8,2.03,1.77,2.03,486400
GWGH,10-Apr-2015,7.38,7.38,7.38,7.38,200
GWPH,10-Apr-2015,90.9,91.88,90.39,91.32,121700
GYRO,10-Apr-2015,4.2,4.2,4.2,4.2,500
HA,10-Apr-2015,21.42,21.67,21.13,21.36,659500
HABT,10-Apr-2015,31.59,31.73,30.5,31,3350800
HAFC,10-Apr-2015,21.1,21.24,20.91,20.95,66200
HAIN,10-Apr-2015,65.19,66.07,64.79,65.95,502300
HALL,10-Apr-2015,10.86,10.98,10.69,10.88,44500
HALO,10-Apr-2015,15.27,15.54,15.19,15.43,947000
HAS,10-Apr-2015,64.27,64.59,63.95,64.21,779600
HAWK,10-Apr-2015,36.8,37.12,36.4,36.97,268700
HAYN,10-Apr-2015,44.52,44.95,44.13,44.76,46100
HBAN,10-Apr-2015,11.13,11.15,11.01,11.05,8592900
HBANP,10-Apr-2015,1383,1383,1380,1380,100
HBCP,10-Apr-2015,21.11,21.6,21.11,21.25,4800
HBHC,10-Apr-2015,29.8,30.16,29.48,29.66,653300
HBHCL,10-Apr-2015,24.51,24.75,24.5,24.6,85200
HBIO,10-Apr-2015,6.71,6.84,6.53,6.59,243600
HBK,10-Apr-2015,13.69,13.7,13.69,13.7,400
HBMD,10-Apr-2015,14,14,14,14,100
HBNC,10-Apr-2015,15.4067,15.46,15.2333,15.26,12600
HBP,10-Apr-2015,2.87,2.98,2.86,2.87,4700
HCAP,10-Apr-2015,13.62,13.79,13.57,13.66,15800
HCCI,10-Apr-2015,13.43,13.57,13.13,13.48,27300
HCKT,10-Apr-2015,8.86,9,8.77,8.85,45600
HCOM,10-Apr-2015,27.17,27.7,27.07,27.19,9600
HCSG,10-Apr-2015,31.48,31.5,30.87,31.41,514000
HDNG,10-Apr-2015,11.41,11.52,11.4,11.4,7800
HDP,10-Apr-2015,23.09,23.78,22.95,23.41,478800
HDS,10-Apr-2015,31.83,31.98,31.6,31.76,1031600
HDSN,10-Apr-2015,3.83,3.88,3.6,3.85,131700
HEAR,10-Apr-2015,2.42,2.53,2.24,2.5,144100
HEES,10-Apr-2015,25.32,25.58,24.81,25.06,286600
HELE,10-Apr-2015,81.15,81.85,79.54,81.05,146900
HFBC,10-Apr-2015,12.9,12.9,12.8,12.88,1300
HFBL,10-Apr-2015,19.5,19.5,19.5,19.5,0
HFWA,10-Apr-2015,17.22,17.39,17.1,17.21,66800
HGSH,10-Apr-2015,3.45,3.54,3.16,3.3,58900
HIBB,10-Apr-2015,49.92,50.03,49.36,49.74,159100
HIFS,10-Apr-2015,99.5,99.81,99.5,99.81,1000
HIHO,10-Apr-2015,3.19,3.25,3.19,3.25,7300
HIIQ,10-Apr-2015,7.76,7.81,7.62,7.73,21100
HIMX,10-Apr-2015,6.3,6.43,6.22,6.34,1582900
HLIT,10-Apr-2015,7.45,7.63,7.41,7.57,386800
HMHC,10-Apr-2015,23.61,24.03,23.51,23.75,502200
HMNF,10-Apr-2015,12.44,12.44,12.44,12.44,200
HMNY,10-Apr-2015,2.55,2.55,2.55,2.55,0
HMST,10-Apr-2015,18.67,18.67,18.51,18.65,80500
HMSY,10-Apr-2015,15.83,15.83,15.3,15.54,1035400
HMTV,10-Apr-2015,12.82,12.82,12.5,12.59,11400
HNNA,10-Apr-2015,13.2867,14,13.2667,13.2667,3200
HNRG,10-Apr-2015,11.55,11.8,11.55,11.73,96100
HOFT,10-Apr-2015,21.2,21.52,21,21.45,138200
HOLI,10-Apr-2015,23.34,23.75,22.89,23.75,524800
HOLX,10-Apr-2015,33.5,33.57,33.23,33.3,647400
HOMB,10-Apr-2015,17.145,17.145,16.93,17.065,67700
HOVNP,10-Apr-2015,14.33,14.52,14.31,14.31,4900
HPJ,10-Apr-2015,4.5,4.5,4.17,4.29,88800
HQCL,10-Apr-2015,19.6,19.7,18.8,18.8,301900
HQY,10-Apr-2015,24.14,24.14,23.86,24.03,185300
HRTX,10-Apr-2015,14.6,15,14.55,14.87,98500
HRZN,10-Apr-2015,13.98,13.98,13.9,13.95,65500
HSGX,10-Apr-2015,9.44,9.48,8.86,9.08,10500
HSIC,10-Apr-2015,142,142.46,141.33,141.85,496300
HSII,10-Apr-2015,24.81,25.06,24.22,24.75,75900
HSKA,10-Apr-2015,27.11,27.3,26.87,27,47800
HSNI,10-Apr-2015,66.64,67.19,66.26,66.8,174900
HSON,10-Apr-2015,2.71,2.71,2.61,2.67,25900
HSTM,10-Apr-2015,25.64,25.78,24.83,25.68,57800
HTBI,10-Apr-2015,16,16,15.82,15.96,15600
HTBK,10-Apr-2015,9,9.01,8.93,8.98,11500
HTBX,10-Apr-2015,5.81,6.17,5.81,6.13,15700
HTHT,10-Apr-2015,21.21,21.23,20.46,20.68,133600
HTLD,10-Apr-2015,22.68,23.05,22.68,23.02,452200
HTLF,10-Apr-2015,33.5,33.87,33.36,33.53,45900
HUBG,10-Apr-2015,36.78,37.5,36.59,36.95,140600
HURC,10-Apr-2015,33.73,34.36,33.73,33.98,15300
HURN,10-Apr-2015,67.49,67.96,66.94,67.91,87000
HWBK,10-Apr-2015,13.54,13.54,13.54,13.54,0
HWCC,10-Apr-2015,9.64,9.72,9.53,9.54,135300
HWKN,10-Apr-2015,40.79,40.79,40.2,40.64,7100
HYGS,10-Apr-2015,12,12.04,11.91,11.94,24800
HYLS,10-Apr-2015,51,51,50.7,50.92,25500
HYND,10-Apr-2015,21.47,21.49,21.47,21.49,400
HYZD,10-Apr-2015,24.04,24.04,24.04,24.04,200
HZNP,10-Apr-2015,28.49,28.9,27.87,28.48,5821000
IART,10-Apr-2015,30.84,31.11,30.69,30.855,93000
IBB,10-Apr-2015,354.47,358.24,352.81,357.45,1022200
IBCP,10-Apr-2015,12.81,12.9,12.78,12.89,20000
IBKC,10-Apr-2015,63.94,63.98,63.11,63.62,98900
IBKR,10-Apr-2015,33.77,33.95,33.52,33.59,447900
IBOC,10-Apr-2015,25.93,26.28,25.84,26.07,112000
IBTX,10-Apr-2015,39.62,39.66,39.26,39.56,23000
ICAD,10-Apr-2015,9.44,9.47,9.07,9.11,27100
ICBK,10-Apr-2015,19.51,20.25,19.51,20.25,1700
ICCC,10-Apr-2015,6,6.08,6,6.07,800
ICFI,10-Apr-2015,40.91,41,40.36,41,46300
ICLN,10-Apr-2015,12.6,12.62,12.53,12.6,30800
ICLR,10-Apr-2015,69.34,69.87,69.18,69.68,202600
ICON,10-Apr-2015,34.01,34.77,33.97,34.68,591600
ICPT,10-Apr-2015,272.1,281.47,271.09,279.25,374500
ICUI,10-Apr-2015,92.04,92.96,91.58,92.78,66800
IDCC,10-Apr-2015,52.79,53,51.6,51.69,335900
IDRA,10-Apr-2015,3.7,3.89,3.66,3.79,1195300
IDSA,10-Apr-2015,4.37,4.38,4.35,4.38,3000
IDSY,10-Apr-2015,6.34,6.41,6.25,6.4,15200
IDTI,10-Apr-2015,20.65,20.68,20.14,20.26,1393700
IDXX,10-Apr-2015,76.63,77.26,76.57,76.78,106900
IEP,10-Apr-2015,90.1,93.08,89.86,90.61,186100
IESC,10-Apr-2015,8.73,8.73,8.64,8.73,3500
IEUS,10-Apr-2015,45.55,45.67,45.32,45.67,3500
IFEU,10-Apr-2015,39.43,39.45,39.28,39.36,7500
IFGL,10-Apr-2015,32.04,32.17,32.04,32.1,115800
IFON,10-Apr-2015,2.34,2.85,2.32,2.76,894300
IFV,10-Apr-2015,20.24,20.32,20.18,20.26,480000
IGLD,10-Apr-2015,5.05,5.05,4.93,5,4100
IGOV,10-Apr-2015,90.82,90.84,90.38,90.52,62300
III,10-Apr-2015,3.88,3.91,3.7,3.72,73000
IIIN,10-Apr-2015,21.21,21.21,20.9,21.05,34700
IIJI,10-Apr-2015,8.35,8.44,8.32,8.44,4000
IIN,10-Apr-2015,7.9,8.01,7.9,7.91,3700
IIVI,10-Apr-2015,18.66,18.85,18.45,18.83,131400
IKNX,10-Apr-2015,15.75,15.75,15.48,15.48,300
ILMN,10-Apr-2015,186.99,189.71,185.74,188.16,541600
IMDZ,10-Apr-2015,24.62,24.81,23.92,24.65,34800
IMGN,10-Apr-2015,9.93,10.38,9.77,10.02,1970400
IMI,10-Apr-2015,1.77,1.85,1.76,1.84,35500
IMKTA,10-Apr-2015,53.67,53.79,51.75,52.23,93500
IMMR,10-Apr-2015,9.86,10.03,9.8,9.95,142400
IMMU,10-Apr-2015,4.09,4.17,4.06,4.14,357300
IMMY,10-Apr-2015,8.17,8.17,8.11,8.16,600
IMNP,10-Apr-2015,36.8,37.8,36,37,32400
IMOS,10-Apr-2015,24.4,24.94,24.26,24.45,128200
INAP,10-Apr-2015,10.36,10.45,10.27,10.39,112900
INBK,10-Apr-2015,18.54,18.93,18.08,18.93,13200
INCR,10-Apr-2015,31.8,32.19,30.72,31.64,154300
INCY,10-Apr-2015,92.35,94.13,91.05,93.81,781800
INDB,10-Apr-2015,44.15,44.15,43.52,43.9,45100
INDY,10-Apr-2015,32.25,32.5,32.25,32.49,191100
INFI,10-Apr-2015,14.61,15.05,14.44,14.89,466400
INFN,10-Apr-2015,20.4,20.47,19.55,19.93,1395900
INGN,10-Apr-2015,35.39,35.43,34.27,34.75,150200
INO,10-Apr-2015,10,10.09,9.63,9.78,1268600
INOD,10-Apr-2015,2.56,2.65,2.56,2.62,9400
INOV,10-Apr-2015,27.68,28.99,27.43,28.46,185200
INSM,10-Apr-2015,21.99,22.53,21.93,22.02,719000
INSY,10-Apr-2015,28.94,29.465,28.795,28.985,311200
INTC,10-Apr-2015,31.33,31.94,31.33,31.93,28084800
INTG,10-Apr-2015,20.14,20.14,20.14,20.14,100
INTL,10-Apr-2015,30.81,31.07,30.7,31.01,142400
INTU,10-Apr-2015,97.84,99.11,97.57,98.89,1666400
INTX,10-Apr-2015,3.52,3.64,3.52,3.52,129600
INVE,10-Apr-2015,9.15,9.2,8.98,9.13,23600
INWK,10-Apr-2015,6.71,6.76,6.63,6.67,156900
IOSP,10-Apr-2015,45.95,45.95,45.03,45.1,66700
IPAR,10-Apr-2015,31.74,32.7,31.71,31.9,79900
IPAS,10-Apr-2015,1.1,1.27,1.02,1.26,338700
IPCC,10-Apr-2015,77.23,81.7,77.23,80.84,16400
IPCI,10-Apr-2015,2.79,2.79,2.67,2.78,44800
IPDN,10-Apr-2015,35.2,37.2,33.92,37.2,5500
IPGP,10-Apr-2015,96.12,98.56,95.75,98.52,416500
IPHS,10-Apr-2015,58.8,58.8,57.98,58.11,73000
IPKW,10-Apr-2015,27.68,27.69,27.52,27.68,6500
IPWR,10-Apr-2015,10.1,10.43,9.66,10.22,38600
IPXL,10-Apr-2015,51.35,51.39,50.31,50.68,553100
IRBT,10-Apr-2015,33.51,33.64,33.08,33.61,199600
IRCP,10-Apr-2015,32.95,35,32.95,35,3000
IRDM,10-Apr-2015,10.37,10.39,10.22,10.23,532500
IRIX,10-Apr-2015,10,10.15,10,10.15,6800
IRMD,10-Apr-2015,15.65,15.8,15.43,15.8,2900
IROQ,10-Apr-2015,16.61,16.61,16.61,16.61,200
IRWD,10-Apr-2015,15.23,15.67,15.23,15.62,737400
ISBC,10-Apr-2015,11.78,11.78,11.66,11.73,1541000
ISCA,10-Apr-2015,36.47,36.47,36.09,36.19,237900
ISHG,10-Apr-2015,77.49,77.6,77.27,77.47,5200
ISIG,10-Apr-2015,3.03,3.04,2.91,3.04,36700
ISM,10-Apr-2015,24.2,24.25,24.05,24.15,1900
ISNS,10-Apr-2015,3.27,3.46,2.71,2.71,953700
ISRG,10-Apr-2015,513.09,533.44,509.03,530.36,473200
ISRL,10-Apr-2015,130.43,130.43,130.43,130.43,100
ISSC,10-Apr-2015,3.82,3.84,3.78,3.8,4900
ISTR,10-Apr-2015,15.83,15.98,15.83,15.98,600
ITCI,10-Apr-2015,24.02,24.1,23.26,23.98,87700
ITEK,10-Apr-2015,5.22,5.28,4.96,5.12,116700
ITIC,10-Apr-2015,72.56,72.56,72.56,72.56,300
ITRI,10-Apr-2015,37.15,37.35,36.81,37.04,88400
ITRN,10-Apr-2015,23.16,23.17,22.8,22.99,3200
IVAC,10-Apr-2015,5.86,5.99,5.77,5.78,50000
IXYS,10-Apr-2015,12.29,12.32,12.18,12.25,35100
JACK,10-Apr-2015,95.6,96.7,95.53,95.95,215300
JAKK,10-Apr-2015,7.16,7.22,6.98,7.04,336300
JASN,10-Apr-2015,7.52,7.59,7.37,7.57,38100
JASNW,10-Apr-2015,0.75,0.75,0.75,0.75,12100
JASO,10-Apr-2015,9.8,9.9,9.75,9.88,727900
JAZZ,10-Apr-2015,181.3,186.06,181.17,183.96,564200
JBHT,10-Apr-2015,86.78,87.73,86.55,87.67,661600
JBLU,10-Apr-2015,19.2,19.38,18.98,19.05,4820400
JBSS,10-Apr-2015,45.91,46.84,45.43,46.61,84000
JCOM,10-Apr-2015,67.41,68.3,66.63,68.24,188700
JCS,10-Apr-2015,11.23,11.55,11.23,11.52,1400
JCTCF,10-Apr-2015,10.25,10.25,10.25,10.25,0
JD,10-Apr-2015,32.7,33.56,32.54,33.23,7258300
JJSF,10-Apr-2015,107.61,107.88,106.89,107.49,27300
JKHY,10-Apr-2015,68.62,68.73,67.77,68.03,366600
JMBA,10-Apr-2015,16.11,16.85,16.09,16.77,309300
JOBS,10-Apr-2015,34.74,34.74,33.49,33.88,93800
JOUT,10-Apr-2015,34.6,34.74,34.18,34.2,10700
JRJC,10-Apr-2015,5.7,5.85,5.26,5.73,1356200
JRVR,10-Apr-2015,23.16,23.57,22.52,23.35,187100
JSM,10-Apr-2015,22.5,22.5,22.34,22.43,22600
JTPY,10-Apr-2015,2.99,3.02,2.99,2.99,3800
JUNO,10-Apr-2015,59.5,61.5,59.34,60.39,931000
JVA,10-Apr-2015,5.15,5.19,4.92,4.96,61800
JXSB,10-Apr-2015,23.1,23.1,23.1,23.1,0
JYNT,10-Apr-2015,8.1,8.75,7.63,8.24,5800
KALU,10-Apr-2015,76.37,76.73,76.09,76.49,117300
KANG,10-Apr-2015,16.8,17.24,16.75,17.2,857200
KBAL,10-Apr-2015,10.72,11.03,10.43,10.68,204500
KBSF,10-Apr-2015,73.95,132.45,73.95,90,5900
KCAP,10-Apr-2015,5.67,5.84,5.62,5.66,288800
KE,10-Apr-2015,13.11,13.44,12.96,13.34,96300
KELYA,10-Apr-2015,17.45,17.45,17.31,17.35,108600
KEQU,10-Apr-2015,17.48,17.48,17.4,17.4,300
KERX,10-Apr-2015,12.51,12.55,12.33,12.42,670900
KEYW,10-Apr-2015,8.69,9.09,8.48,8.92,288500
KFFB,10-Apr-2015,8.28,8.28,8.28,8.28,100
KFRC,10-Apr-2015,22.1,22.39,21.99,22.05,39700
KGJI,10-Apr-2015,1.32,1.4,1.32,1.38,159400
KIN,10-Apr-2015,6.92,7.18,6.88,6.98,33200
KINS,10-Apr-2015,7.58,7.6,7.5,7.56,7100
KIRK,10-Apr-2015,22.58,22.71,22.21,22.47,76300
KLAC,10-Apr-2015,58.8,59.13,58.36,59.12,1196000
KLIC,10-Apr-2015,15.7,15.88,15.68,15.79,214200
KLXI,10-Apr-2015,39.98,40.18,39.61,39.81,408300
KMDA,10-Apr-2015,4.5,4.55,4.5,4.53,10000
KNDI,10-Apr-2015,13.5,13.64,13.08,13.15,528800
KONA,10-Apr-2015,27,27.48,26.58,26.9,78500
KONE,10-Apr-2015,5.35,6.1,5.21,5.69,75000
KOOL,10-Apr-2015,19.6,20.2,18.6,19.2,156000
KOPN,10-Apr-2015,3.65,3.8,3.6,3.7,114000
KOSS,10-Apr-2015,2.3,2.44,2.26,2.35,7300
KPTI,10-Apr-2015,31.51,32.16,31.1,32.08,183200
KRNT,10-Apr-2015,13.53,14.92,13.53,14.44,104900
KRNY,10-Apr-2015,13.46,13.49,13.32,13.46,27800
KTCC,10-Apr-2015,11.02,11.17,11.02,11.11,6700
KTEC,10-Apr-2015,13,13.25,13,13.25,12400
KTOS,10-Apr-2015,5.7,5.79,5.66,5.71,265800
KTWO,10-Apr-2015,23,23.25,22.9,23.12,83500
KVHI,10-Apr-2015,15.24,15.24,14.9,15.04,28700
LABL,10-Apr-2015,68.4,68.63,60.92,64.41,280700
LAKE,10-Apr-2015,9.63,9.68,9.56,9.62,38400
LALT,10-Apr-2015,23.37,23.37,23.3,23.31,9100
LAMR,10-Apr-2015,60.02,60.3,59.8,60,427400
LANC,10-Apr-2015,95.27,96,94.9,95.81,52800
LAND,10-Apr-2015,12.22,12.22,12.06,12.16,22700
LARK,10-Apr-2015,25.63,25.82,25.56,25.82,1500
LAWS,10-Apr-2015,23.66,24.57,23.59,23.98,30400
LAYN,10-Apr-2015,5.35,5.35,5.15,5.25,188100
LBAI,10-Apr-2015,11.72,11.72,11.42,11.51,33000
LBIX,10-Apr-2015,3.49,3.49,3.49,3.49,600
LBRDA,10-Apr-2015,55.52,56.24,55.52,56.03,122900
LBRDK,10-Apr-2015,56.13,56.21,55.89,56.05,187200
LBTYA,10-Apr-2015,52.47,52.63,52.12,52.55,1110200
LBTYB,10-Apr-2015,52.36,52.5,52.36,52.5,1600
LBTYK,10-Apr-2015,50.25,50.59,50.11,50.49,1972900
LCNB,10-Apr-2015,15.26,15.37,15.08,15.22,5000
LCUT,10-Apr-2015,15.25,15.25,14.99,15.07,14600
LDRI,10-Apr-2015,24.99,25.12,24.97,25.03,35300
LE,10-Apr-2015,33.81,33.98,33.45,33.7,153000
LECO,10-Apr-2015,64.61,64.88,64.19,64.36,278600
LEDS,10-Apr-2015,0.94,0.95,0.77,0.8,312700
LENS,10-Apr-2015,7.3,7.8,7.27,7.53,12100
LFUS,10-Apr-2015,98.72,98.99,97.79,98.3,124000
LFVN,10-Apr-2015,4.55,4.83,4.2,4.83,322900
LGCY,10-Apr-2015,11.47,11.83,11.4,11.55,225900
LGCYO,10-Apr-2015,20,20.18,19.86,20.11,9700
LGCYP,10-Apr-2015,19.99,20,19.85,19.89,4000
LGIH,10-Apr-2015,17.3,17.57,16.95,17.19,188400
LGND,10-Apr-2015,81.39,84,81.17,83.2,430800
LHCG,10-Apr-2015,34.23,34.97,33.76,34.21,69900
LINC,10-Apr-2015,2.05,2.05,1.84,1.93,70900
LION,10-Apr-2015,17.01,17.01,16.73,16.8,9500
LIVE,10-Apr-2015,3.27,3.33,3.25,3.3,90800
LJPC,10-Apr-2015,17.84,18.31,17.75,17.87,46300
LKFN,10-Apr-2015,27.02,27.02,26.6667,26.78,23600
LKQ,10-Apr-2015,25.84,25.96,25.67,25.84,1138600
LLNW,10-Apr-2015,3.42,3.54,3.36,3.47,138600
LMAT,10-Apr-2015,8.34,8.38,8.28,8.38,12000
LMBS,10-Apr-2015,50.84,50.84,50.81,50.81,200
LMNR,10-Apr-2015,22.68,23.06,22.68,22.95,19100
LMNX,10-Apr-2015,16.33,16.73,16.25,16.65,133700
LMRK,10-Apr-2015,17.45,17.48,16.97,17.24,23200
LNCE,10-Apr-2015,32.04,32.09,31.64,31.86,96500
LNDC,10-Apr-2015,14.5,14.65,14.41,14.47,49000
LOAN,10-Apr-2015,4,4.08,3.95,4,25900
LOCO,10-Apr-2015,28.2,28.39,27.56,27.63,976500
LOGI,10-Apr-2015,13.8,14,13.76,13.95,314600
LOGM,10-Apr-2015,57.21,57.46,56.6,56.78,221900
LOPE,10-Apr-2015,43.29,43.56,42.99,43.18,250400
LORL,10-Apr-2015,69,69.85,68.74,69.6,81300
LOXO,10-Apr-2015,12.1,12.82,12.1,12.7,19000
LPCN,10-Apr-2015,6.95,6.99,6.83,6.84,44900
LPLA,10-Apr-2015,41.51,41.73,39.59,40.72,6282400
LPNT,10-Apr-2015,74.56,75.3,74.55,74.96,180200
LPSN,10-Apr-2015,10.16,10.2,9.96,10.08,168400
LPTH,10-Apr-2015,0.95,1.07,0.93,1.07,21700
LQDT,10-Apr-2015,9.34,9.44,9.23,9.3,187800
LRAD,10-Apr-2015,2.39,2.44,2.37,2.38,46100
LRCX,10-Apr-2015,73.07,73.28,72.59,73.1,1199800
LSBK,10-Apr-2015,13.5,13.5,13.5,13.5,100
LSCC,10-Apr-2015,6.38,6.5,6.34,6.5,4936100
LSTR,10-Apr-2015,64.52,65.23,64.05,65.12,336900
LTBR,10-Apr-2015,6.35,6.75,6.25,6.35,36000
LTRPA,10-Apr-2015,31.93,31.96,31.54,31.58,249800
LTRPB,10-Apr-2015,37.68,37.68,36.69,36.69,300
LTRX,10-Apr-2015,1.8,1.84,1.75,1.75,2800
LTXB,10-Apr-2015,23.13,23.31,22.7,22.85,118500
LULU,10-Apr-2015,69.82,70,68.84,68.86,2025100
LUNA,10-Apr-2015,1.38,1.38,1.36,1.37,24800
LVNTA,10-Apr-2015,42.42,42.7,42.23,42.62,217000
LWAY,10-Apr-2015,20.91,21.25,20.85,21.19,21400
LXRX,10-Apr-2015,6.51,6.51,6.3,6.37,1068800
LYTS,10-Apr-2015,8.18,8.25,8.12,8.23,19300
MACK,10-Apr-2015,12.09,12.49,11.97,12.17,2950800
MAGS,10-Apr-2015,5.19,5.22,5.11,5.13,74800
MAMS,10-Apr-2015,5.4,5.5,5.4,5.5,200
MANH,10-Apr-2015,52.78,53.02,52.29,52.43,147700
MANT,10-Apr-2015,33.17,33.46,33.03,33.36,120900
MAR,10-Apr-2015,80.58,80.67,80.06,80.32,851000
MARA,10-Apr-2015,5.2,5.98,5.11,5.83,291200
MARK,10-Apr-2015,4.3,4.38,4.04,4.18,27300
MARPS,10-Apr-2015,12.17,12.17,12,12,500
MASI,10-Apr-2015,34.93,35.09,34.77,34.97,276500
MAT,10-Apr-2015,24.27,24.48,24.05,24.23,3803500
MATR,10-Apr-2015,6.35,6.44,6.32,6.43,22500
MATW,10-Apr-2015,51.96,51.96,51.01,51.19,84200
MAYS,10-Apr-2015,50,50,50,50,0
MBCN,10-Apr-2015,33,33,33,33,0
MBFI,10-Apr-2015,30.47,30.69,30.33,30.43,189000
MBFIP,10-Apr-2015,27.56,27.7,27.55,27.55,3600
MBII,10-Apr-2015,3.8,3.83,3.67,3.69,32200
MBSD,10-Apr-2015,25.24,25.24,25.23,25.23,200
MBTF,10-Apr-2015,5.51,5.6,5.49,5.58,6900
MBUU,10-Apr-2015,21.73,22.49,21.31,22.26,181400
MBWM,10-Apr-2015,19.96,20.04,19.89,19.94,8700
MCBC,10-Apr-2015,5.29,5.35,5.26,5.29,16900
MCEP,10-Apr-2015,5.8,5.98,5.75,5.81,77200
MCHP,10-Apr-2015,49.56,50.1,49.34,50,1860500
MCHX,10-Apr-2015,4.36,4.39,4.18,4.18,126200
MCRI,10-Apr-2015,19.03,19.3,19,19.2,7100
MDCA,10-Apr-2015,27.52,27.7,26.95,27,230300
MDCO,10-Apr-2015,26.75,28.8,26.1,28.31,5323700
MDIV,10-Apr-2015,21.19,21.24,21.05,21.17,230200
MDLZ,10-Apr-2015,37.29,37.64,37.17,37.4,7331500
MDRX,10-Apr-2015,12.25,12.32,12.21,12.28,893700
MDSO,10-Apr-2015,48.36,49.39,47.83,49.16,254200
MDWD,10-Apr-2015,6.37,6.57,6.37,6.4,23300
MDXG,10-Apr-2015,10.63,10.89,10.62,10.89,315900
MEET,10-Apr-2015,1.79,1.81,1.75,1.75,297000
MEIP,10-Apr-2015,1.83,1.87,1.82,1.87,981700
MELI,10-Apr-2015,129.91,131.66,129.45,131.6,208300
MELR,10-Apr-2015,14,14,14,14,1000
MEOH,10-Apr-2015,55.26,55.93,54.6,55.62,541400
MERC,10-Apr-2015,14.88,14.95,14.68,14.7,198200
MFNC,10-Apr-2015,11.07,11.25,11.07,11.16,9100
MFSF,10-Apr-2015,22.73,22.92,22.73,22.92,1000
MGCD,10-Apr-2015,7.21,7.21,7,7.2,3300
MGEE,10-Apr-2015,43.08,43.82,42.87,43.49,66100
MGI,10-Apr-2015,8.49,8.71,8.41,8.52,654100
MGIC,10-Apr-2015,6.68,6.74,6.62,6.62,4600
MGLN,10-Apr-2015,70.98,71.53,70.89,71.09,99800
MGNX,10-Apr-2015,33.51,35,33.29,34.43,103300
MGPI,10-Apr-2015,14.36,14.8,14.22,14.64,37900
MGRC,10-Apr-2015,33.82,34.61,33.82,34.22,49900
MGYR,10-Apr-2015,8.43,8.44,8.4,8.44,2300
MHLD,10-Apr-2015,14.55,14.64,14.43,14.55,232800
MICT,10-Apr-2015,2.78,2.83,2.78,2.81,600
MICTW,10-Apr-2015,0.44,0.44,0.44,0.44,0
MIDD,10-Apr-2015,104,104.24,101.47,102.2,327800
MIK,10-Apr-2015,27.52,27.52,27.05,27.2,416200
MIND,10-Apr-2015,4.72,4.91,4.59,4.81,69800
MINI,10-Apr-2015,42.83,44.06,42.82,43.91,141000
MITK,10-Apr-2015,3.15,3.25,3.13,3.18,120000
MITL,10-Apr-2015,10.44,10.57,9.64,9.99,2921000
MKSI,10-Apr-2015,34.2,34.31,34,34.08,121500
MKTX,10-Apr-2015,87.61,88.08,87.03,88.07,103800
MLAB,10-Apr-2015,74.4,74.4,72.13,72.58,9200
MLHR,10-Apr-2015,28.54,28.65,28.35,28.46,135800
MLNK,10-Apr-2015,3.84,3.88,3.75,3.83,111500
MLNX,10-Apr-2015,45.63,45.98,45.33,45.35,282000
MLVF,10-Apr-2015,13.51,13.6,13.36,13.58,5700
MMAC,10-Apr-2015,9.9,9.9,9.86,9.9,11500
MMLP,10-Apr-2015,36.17,36.39,35.72,35.75,200600
MMSI,10-Apr-2015,18.99,19.28,18.92,19.1,104200
MMYT,10-Apr-2015,22.46,23.5,22.43,23.36,132500
MNDO,10-Apr-2015,3.15,3.17,3.07,3.09,130100
MNGA,10-Apr-2015,8,8.1,7.8,7.9,393800
MNKD,10-Apr-2015,26.2,26.45,25.8,26.25,1975600
MNOV,10-Apr-2015,3.41,3.47,3.4,3.47,1000
MNRO,10-Apr-2015,65.51,66.11,65.28,65.71,92600
MNST,10-Apr-2015,45.9167,46.3367,45.5533,46.1133,606200
MNTA,10-Apr-2015,16.41,16.5,16.2,16.29,391300
MNTX,10-Apr-2015,9.09,9.22,8.75,8.79,141300
MOBL,10-Apr-2015,9,9.35,8.86,9.29,670300
MOFG,10-Apr-2015,28.64,28.92,28.57,28.83,5300
MOMO,10-Apr-2015,12.13,12.18,11.52,11.52,192400
MORN,10-Apr-2015,73.7,74.43,73.5,74.27,51100
MOSY,10-Apr-2015,21.4,22,20.8,21.7,66600
MPAA,10-Apr-2015,27.4,28.03,27.3,27.9,118400
MPB,10-Apr-2015,15.9,15.9,15.53,15.53,1200
MPWR,10-Apr-2015,52.26,52.38,51.91,52.21,131000
MRCC,10-Apr-2015,14.94,15.19,14.79,14.94,44700
MRCY,10-Apr-2015,15.55,15.82,15.41,15.53,65600
MRLN,10-Apr-2015,20.29,20.5,20.04,20.26,31000
MRNS,10-Apr-2015,8.95,9.17,8.95,9.06,5300
MRTN,10-Apr-2015,23.01,23.38,22.88,23.2,220200
MRTX,10-Apr-2015,27.28,27.84,26.63,27.42,20700
MRVL,10-Apr-2015,15.29,15.38,15.22,15.27,2623400
MSBF,10-Apr-2015,11.25,11.38,11.22,11.38,2600
MSCC,10-Apr-2015,35.74,35.89,35.52,35.67,224600
MSEX,10-Apr-2015,22.84,22.84,22.59,22.7,17300
MSFG,10-Apr-2015,19.96,20.02,19.88,19.91,9900
MSFT,10-Apr-2015,41.48,41.95,41.41,41.72,28022000
MSON,10-Apr-2015,13.5,13.6,13.22,13.5,3700
MSTR,10-Apr-2015,174.1,176.9,173.76,175.99,36600
MTBC,10-Apr-2015,2.05,2.1,2.05,2.05,2000
MTEX,10-Apr-2015,20.79,20.84,20.01,20.76,5300
MTGE,10-Apr-2015,18.1,18.19,18.05,18.17,234400
MTGEP,10-Apr-2015,25.39,25.39,25.39,25.39,1200
MTLS,10-Apr-2015,6.82,6.98,6.59,6.67,89300
MTRX,10-Apr-2015,20.52,21.03,20.15,20.33,271000
MTSC,10-Apr-2015,75.02,75.5,74.62,74.98,46700
MTSI,10-Apr-2015,35.26,36.49,35.03,36.2,172200
MTSL,10-Apr-2015,1.61,1.65,1.54,1.55,19400
MU,10-Apr-2015,27.97,28.17,27.8,28.02,19698600
MVIS,10-Apr-2015,3.29,3.32,3.15,3.19,748000
MXIM,10-Apr-2015,35.31,35.4,35.12,35.17,1576400
MXWL,10-Apr-2015,7.72,7.85,7.47,7.62,149600
MYGN,10-Apr-2015,36.05,36.48,35.38,35.5,462800
MYL,10-Apr-2015,70.24,70.44,68.3,70.24,10947400
MYOS,10-Apr-2015,4.45,4.6,4.41,4.41,10800
MYRG,10-Apr-2015,30.36,30.99,30.35,30.89,107400
MZOR,10-Apr-2015,11.46,11.59,11.45,11.5,27800
NAII,10-Apr-2015,5.39,5.44,5.36,5.44,18300
NANO,10-Apr-2015,15.73,15.82,15.52,15.7,121000
NATH,10-Apr-2015,48.66,49.84,47.87,49.58,48000
NATI,10-Apr-2015,32.8,32.99,32.59,32.88,282600
NATR,10-Apr-2015,12.73,12.77,12.52,12.59,6200
NAUH,10-Apr-2015,3.37,3.38,3.2,3.24,15300
NAVG,10-Apr-2015,38.505,38.545,38.13,38.345,46400
NAVI,10-Apr-2015,20.39,20.52,20.21,20.26,1910700
NBIX,10-Apr-2015,41.72,43.29,41.62,42.71,475900
NBN,10-Apr-2015,9.19,9.23,9.14,9.23,4900
NBTB,10-Apr-2015,24.42,24.82,24.42,24.8,49700
NCMI,10-Apr-2015,15.98,16.16,15.92,15.92,173800
NCOM,10-Apr-2015,22,22.24,21.95,22.1,23300
NCTY,10-Apr-2015,1.9,2.14,1.85,1.87,32100
NDAQ,10-Apr-2015,50.1,50.59,49.97,50.58,668300
NDLS,10-Apr-2015,17.66,18.2,17.53,18.1,515300
NDSN,10-Apr-2015,78.79,79.52,78.5,78.8,152600
NEO,10-Apr-2015,5.01,5.25,4.95,5.25,267300
NEOG,10-Apr-2015,47.31,47.33,46.56,46.78,65100
NEON,10-Apr-2015,3.99,4.24,3.99,4.05,908300
NEOT,10-Apr-2015,8.16,8.19,8,8.14,43700
NEPT,10-Apr-2015,1.85,1.85,1.81,1.81,45000
NERV,10-Apr-2015,5.37,5.38,5.25,5.3,20900
NETE,10-Apr-2015,11.4,12.2,11.3,11.9,379400
NEWS,10-Apr-2015,11.9,12.18,11.8,11.96,36700
NEWT,10-Apr-2015,17.68,17.78,17.49,17.72,27500
NFBK,10-Apr-2015,14.68,14.8,14.67,14.8,114100
NFEC,10-Apr-2015,1.77,1.88,1.76,1.8,4700
NFLX,10-Apr-2015,64.1643,64.9957,63.9471,64.9386,3195200
NGHC,10-Apr-2015,18.9,18.98,18.84,18.92,63100
NGHCO,10-Apr-2015,24.81,24.81,24.74,24.78,37900
NGHCP,10-Apr-2015,25.07,25.1,25.07,25.1,500
NHLD,10-Apr-2015,3.9,3.9,3.55,3.71,37500
NHTC,10-Apr-2015,20.62,22.5,20.5,22.17,514000
NICE,10-Apr-2015,59.55,59.67,58.63,58.98,179900
NICK,10-Apr-2015,14.21,14.26,14.05,14.18,11600
NKSH,10-Apr-2015,28.86,28.91,28.47,28.62,3400
NKTR,10-Apr-2015,11.21,11.41,11.09,11.22,630900
NLNK,10-Apr-2015,56.79,56.81,55.19,55.38,453500
NLST,10-Apr-2015,0.61,0.63,0.61,0.61,263500
NMIH,10-Apr-2015,7.48,7.53,7.42,7.5,40300
NNBR,10-Apr-2015,24.35,24.67,24.02,24.05,134700
NRCIA,10-Apr-2015,14.45,15,14.06,14.4,4700
NRCIB,10-Apr-2015,33.24,33.25,32.9,33.25,1000
NRIM,10-Apr-2015,24.08,24.37,24.03,24.03,24200
NSEC,10-Apr-2015,15.81,16.97,15.75,16.5,13700
NSIT,10-Apr-2015,28.77,28.89,28.49,28.76,117700
NSSC,10-Apr-2015,6.03,6.16,5.98,6.09,11000
NSTG,10-Apr-2015,11.42,11.42,10.89,11.08,57000
NSYS,10-Apr-2015,4.84,4.9,4.84,4.85,500
NTAP,10-Apr-2015,35.75,35.78,35.19,35.47,4165600
NTCT,10-Apr-2015,43.67,44.26,43.61,43.96,405000
NTES,10-Apr-2015,121.68,122.8,118.41,118.8,888700
NTGR,10-Apr-2015,32.7,32.93,32.51,32.92,100200
NTIC,10-Apr-2015,16.8,17.23,16.8,16.82,2700
NTRI,10-Apr-2015,19.45,19.55,19.38,19.43,131700
NTRS,10-Apr-2015,71.01,71.34,70.66,70.86,1147500
NTRSP,10-Apr-2015,25.74,25.74,25.66,25.74,19400
NTWK,10-Apr-2015,5.55,5.58,5.41,5.42,50500
NUAN,10-Apr-2015,14.25,14.31,14.19,14.22,1176600
NURO,10-Apr-2015,43.84,44.16,41.6,42.56,64400
NUVA,10-Apr-2015,44.78,44.95,44.4,44.76,497100
NVAX,10-Apr-2015,8.25,8.42,8.17,8.35,2107200
NVCN,10-Apr-2015,8.77,8.94,8.73,8.87,320400
NVDA,10-Apr-2015,22.55,22.77,22.47,22.76,6468200
NVEC,10-Apr-2015,68.9,69.44,68.56,68.96,5400
NVEE,10-Apr-2015,15.97,15.98,15.55,15.84,17800
NVFY,10-Apr-2015,2.47,2.49,2.45,2.49,5000
NVMI,10-Apr-2015,11.86,11.89,11.78,11.83,3400
NWBI,10-Apr-2015,11.86,12.02,11.84,11.98,575200
NWFL,10-Apr-2015,29.68,29.75,29.4,29.47,6600
NWLI,10-Apr-2015,246.7,250.41,246.41,249.5,5700
NWPX,10-Apr-2015,22.55,23.11,22.55,22.65,18300
NWS,10-Apr-2015,15.7,15.82,15.68,15.73,451500
NWSA,10-Apr-2015,15.9,16.02,15.86,15.92,3884600
NXPI,10-Apr-2015,102.5,102.88,100.91,101.34,1467200
NXST,10-Apr-2015,58.44,59.12,58.2,58.38,149800
NXTD,10-Apr-2015,27.3,27.8,25.6,26.7,151100
NXTDW,10-Apr-2015,1.1,1.1,1.1,1.1,300
NXTM,10-Apr-2015,18.36,18.62,18.21,18.61,437600
NYMT,10-Apr-2015,7.79,7.81,7.75,7.79,664700
NYMTP,10-Apr-2015,24.87,24.95,24.74,24.93,18100
NYMX,10-Apr-2015,1.19,1.38,1.17,1.2,2085000
NYNY,10-Apr-2015,27.05,28.45,26,27.8,143600
OBAS,10-Apr-2015,6.18,6.65,6.18,6.65,9300
OBCI,10-Apr-2015,4.03,4.03,3.81,3.81,22900
OCC,10-Apr-2015,4.04,4.21,4.02,4.02,2900
OCFC,10-Apr-2015,16.9,17.27,16.9,16.99,15000
OCLR,10-Apr-2015,2,2,1.95,1.96,218700
OCUL,10-Apr-2015,28.4,28.5,26.85,26.99,522000
ODFL,10-Apr-2015,71.7,72.25,71.58,72.14,696900
ODP,10-Apr-2015,9.3,9.33,9.25,9.27,6766500
OFED,10-Apr-2015,20.15,20.15,20.1,20.1,200
OFIX,10-Apr-2015,37.99,38,37.17,37.32,67000
OFLX,10-Apr-2015,27.44,27.5,26,27.09,1700
OFS,10-Apr-2015,12.12,12.42,12.11,12.34,17600
OHAI,10-Apr-2015,5.51,5.64,5.36,5.42,66200
OHGI,10-Apr-2015,10.74,10.8,10.74,10.74,5200
OHRP,10-Apr-2015,2.67,2.84,2.64,2.8,448400
OIIM,10-Apr-2015,2.68,2.68,2.57,2.57,24500
OLBK,10-Apr-2015,15.81,15.84,15.65,15.84,16300
OLED,10-Apr-2015,47.47,48.34,47.43,47.85,364400
OMAB,10-Apr-2015,40.26,40.79,39.57,39.92,11600
OMCL,10-Apr-2015,35.6,36.26,35.6,35.96,103100
OMED,10-Apr-2015,26.15,26.92,26,26.36,61200
OMER,10-Apr-2015,24.24,24.83,24.11,24.58,232100
OMEX,10-Apr-2015,9.12,9.12,8.28,8.64,305600
ON,10-Apr-2015,11.55,11.59,11.48,11.58,1858400
ONB,10-Apr-2015,14,14.14,14,14.07,167100
ONCE,10-Apr-2015,71.09,72.1,70.22,71.82,112300
ONEQ,10-Apr-2015,195.49,196,194.84,195.98,14700
ONTX,10-Apr-2015,23.5,24,23.2,23.9,23900
OPB,10-Apr-2015,30.76,30.9,30.66,30.74,21600
OPHC,10-Apr-2015,9.4,10,9.4,10,2500
OPHT,10-Apr-2015,48.29,50.16,47.57,49.99,263800
OPOF,10-Apr-2015,15.23,15.23,15,15.02,600
OPTT,10-Apr-2015,6,6.2,5.5,5.8,88800
ORBC,10-Apr-2015,6.05,6.13,5.95,6.03,144800
ORBK,10-Apr-2015,16.74,17.47,16.65,17.36,856200
OREX,10-Apr-2015,80.7,82.2,79.7,81,2328200
ORIG,10-Apr-2015,7.24,7.29,7.08,7.11,549900
ORIT,10-Apr-2015,14.75,14.9,14.72,14.85,126000
ORLY,10-Apr-2015,218.64,220.52,218.07,220.01,363800
ORMP,10-Apr-2015,6.19,6.4,6.19,6.23,50300
ORPN,10-Apr-2015,7.47,7.5,6.94,7,48400
ORRF,10-Apr-2015,16.92,17.09,16.91,17.08,500
OSBC,10-Apr-2015,5.77,5.85,5.51,5.59,24900
OSBCP,10-Apr-2015,9.97,9.97,9.94,9.94,4800
OSIS,10-Apr-2015,74.1,74.71,73.94,74.25,79700
OSN,10-Apr-2015,2.4,2.4,2.28,2.28,3400
OSTK,10-Apr-2015,24.92,25.35,24.69,24.77,96800
OSUR,10-Apr-2015,6.85,6.88,6.73,6.8,334600
OTEL,10-Apr-2015,4.56,4.56,4.33,4.37,22600
OTEX,10-Apr-2015,27.86,28.075,27.775,28,129500
OTIC,10-Apr-2015,34.23,35.82,33.93,35.76,53900
OTIV,10-Apr-2015,1.52,1.62,1.5,1.59,258400
OTTR,10-Apr-2015,31.62,31.99,31.58,31.9,41300
OVAS,10-Apr-2015,30.33,33.06,29.58,31.79,1800700
OVBC,10-Apr-2015,22.86,23.25,22.5,23.25,1100
OVLY,10-Apr-2015,10.5,10.5,9.58,9.83,2100
OXBR,10-Apr-2015,5.95,5.95,5.9,5.9,1700
OXBRW,10-Apr-2015,1.2,1.47,0.8,0.81,1600
OXFD,10-Apr-2015,13.37,13.59,13.12,13.58,27600
OXLC,10-Apr-2015,15.04,15.17,14.99,15.15,20300
OXLCO,10-Apr-2015,25.1,25.1,25,25.01,1800
OZRK,10-Apr-2015,37.21,37.69,36.91,37.66,305100
PAAS,10-Apr-2015,9.12,9.39,9.08,9.39,1674400
PACB,10-Apr-2015,6.08,6.16,5.88,5.95,431400
PACW,10-Apr-2015,46.36,46.88,46.26,46.66,395700
PAGG,10-Apr-2015,29.48,29.58,29.48,29.57,6600
PAHC,10-Apr-2015,34.49,34.64,34.13,34.48,74400
PANL,10-Apr-2015,2.59,2.6,2.41,2.52,17200
PATI,10-Apr-2015,25.95,26.43,25.94,25.99,2800
PATK,10-Apr-2015,40.3267,41.06,40.1267,40.6,43400
PAYX,10-Apr-2015,49.4,49.61,49.21,49.28,1374800
PBCT,10-Apr-2015,15.06,15.1,15.02,15.07,1392200
PBHC,10-Apr-2015,10.04,10.1,10.04,10.1,1600
PBIB,10-Apr-2015,0.96,0.97,0.86,0.97,9900
PBIP,10-Apr-2015,12.72,12.85,12.71,12.83,6300
PBPB,10-Apr-2015,14.17,14.29,13.98,14.09,167900
PBSK,10-Apr-2015,15.49,15.49,15.49,15.49,0
PCAR,10-Apr-2015,63.17,63.58,63.06,63.24,1125900
PCH,10-Apr-2015,38.92,39.35,38.87,39.14,171900
PCLN,10-Apr-2015,1187.46,1192.4,1181,1189.5,361700
PCMI,10-Apr-2015,9.52,9.75,9.52,9.75,8800
PCOM,10-Apr-2015,10.94,11.25,10.81,11.25,50700
PCRX,10-Apr-2015,88,89,86.31,87.67,356900
PCTI,10-Apr-2015,7.63,7.63,7.51,7.55,14200
PCTY,10-Apr-2015,26.98,28.28,26.16,28.08,434800
PCYG,10-Apr-2015,12.52,13.59,12.38,13.36,110700
PCYO,10-Apr-2015,5.12,5.15,5.06,5.15,22000
PDBC,10-Apr-2015,20.18,20.18,20.15,20.15,2100
PDCE,10-Apr-2015,56.92,57.17,55.9,56.29,915800
PDCO,10-Apr-2015,48.44,48.6,48.2,48.33,410300
PDEX,10-Apr-2015,2.06,2.12,2.06,2.07,4800
PDFS,10-Apr-2015,18.88,19.03,18.78,18.85,45000
PDLI,10-Apr-2015,6.86,7.2,6.83,7.18,3828900
PDVW,10-Apr-2015,50,50,49.91,50,3000
PEBK,10-Apr-2015,18.36,18.36,18.36,18.36,1500
PEBO,10-Apr-2015,23.52,23.65,23.29,23.4,19500
PEGA,10-Apr-2015,21.82,21.95,21.58,21.72,85800
PEGI,10-Apr-2015,30.13,30.28,29.5,29.58,293900
PEIX,10-Apr-2015,11.47,11.95,11.47,11.74,572400
PENN,10-Apr-2015,15.22,15.4,14.99,15.35,1445300
PERI,10-Apr-2015,3.82,3.89,3.77,3.84,67700
PERY,10-Apr-2015,24.59,24.7,24.3,24.56,119300
PESI,10-Apr-2015,3.68,3.72,3.58,3.6,7700
PETS,10-Apr-2015,16.52,16.6,16.32,16.54,200800
PETX,10-Apr-2015,16.43,16.58,16.09,16.25,158500
PFBC,10-Apr-2015,28.89,29.01,28.58,28.68,23600
PFBI,10-Apr-2015,15.11,15.43,15.03,15.27,3300
PFIE,10-Apr-2015,1.27,1.3,1.25,1.29,355100
PFIN,10-Apr-2015,6.71,6.9,6.71,6.8,2000
PFIS,10-Apr-2015,42.11,42.67,40.18,42.67,3200
PFLT,10-Apr-2015,14.15,14.18,14.08,14.11,37400
PFMT,10-Apr-2015,3.49,3.52,3.38,3.4,84800
PFPT,10-Apr-2015,60.14,61.88,59.76,61.84,506300
PFSW,10-Apr-2015,11,11,10.79,11,18800
PGC,10-Apr-2015,21.44,21.5,21.29,21.4,10600
PGNX,10-Apr-2015,5.91,6.07,5.83,5.97,417500
PHII,10-Apr-2015,31.14,31.14,30.42,31.14,800
PHIIK,10-Apr-2015,32.03,32.24,31.46,31.99,52700
PICO,10-Apr-2015,18.89,18.89,18.3,18.38,37000
PIH,10-Apr-2015,7.4,7.5,7.4,7.45,16600
PINC,10-Apr-2015,37.46,37.87,37.45,37.71,108500
PKBK,10-Apr-2015,12.6,12.75,12.6,12.75,11500
PKOH,10-Apr-2015,50.91,51.87,50.71,50.98,22200
PLAB,10-Apr-2015,8.78,8.79,8.7,8.7,176600
PLAY,10-Apr-2015,31.85,33.25,31.44,33.01,453900
PLBC,10-Apr-2015,9.4,9.4,9.3,9.3,5300
PLCE,10-Apr-2015,62.99,63.47,62.54,63.17,250500
PLPC,10-Apr-2015,42.11,43.17,42.11,42.11,500
PLPM,10-Apr-2015,1.89,2,1.86,1.9,174200
PLUG,10-Apr-2015,2.66,2.67,2.55,2.61,3800000
PLUS,10-Apr-2015,42.41,42.795,42.17,42.45,56700
PLXS,10-Apr-2015,42.19,42.53,41.92,42.39,78600
PMBC,10-Apr-2015,7.3,7.3,7.3,7.3,0
PMD,10-Apr-2015,16.55,16.91,16.28,16.38,9600
PME,10-Apr-2015,1.96,2.1,1.85,1.85,109800
PNBK,10-Apr-2015,16.05,16.05,16.05,16.05,0
PNFP,10-Apr-2015,45.11,45.11,44.47,44.67,164900
PNNT,10-Apr-2015,9.15,9.2,9.08,9.11,305500
PNQI,10-Apr-2015,72.38,72.38,72.13,72.21,26300
PNRG,10-Apr-2015,53.5,53.5,53.5,53.5,0
PNTR,10-Apr-2015,8.33,8.49,8.29,8.49,2600
PODD,10-Apr-2015,30.24,31.25,30.19,30.49,1417300
POOL,10-Apr-2015,68.75,69.28,68.54,68.92,104900
POPE,10-Apr-2015,63.5,63.5,63.33,63.33,400
POWI,10-Apr-2015,51.01,51.12,50.28,50.91,212200
POWL,10-Apr-2015,34.46,34.62,34.01,34.14,50600
PPBI,10-Apr-2015,16.05,16.08,15.99,16.05,104200
PPC,10-Apr-2015,23.49,23.66,23.21,23.29,2792000
PPHM,10-Apr-2015,1.39,1.4,1.36,1.4,831500
PPHMP,10-Apr-2015,22.45,22.77,22.31,22.31,13400
PPSI,10-Apr-2015,8.35,8.35,8.35,8.35,1300
PRAA,10-Apr-2015,56.56,56.56,55.31,55.71,241000
PRAH,10-Apr-2015,29.76,30.32,29.37,30.27,139800
PRAN,10-Apr-2015,6.9,7.2,6.9,7.02,574000
PRCP,10-Apr-2015,13.33,13.49,13.2,13.3,45600
PRFT,10-Apr-2015,21.15,21.57,21.03,21.19,129700
PRFZ,10-Apr-2015,105.55,105.63,105.32,105.32,70600
PRGS,10-Apr-2015,25.85,26.01,25.71,25.73,268200
PRGX,10-Apr-2015,3.82,4.03,3.7,3.78,168500
PRIM,10-Apr-2015,18.84,18.9,18.11,18.31,214000
PRKR,10-Apr-2015,7.7,7.7,7,7,787500
PRMW,10-Apr-2015,5.04,5.1,5,5.04,22700
PROV,10-Apr-2015,16.3,16.78,16.26,16.36,9900
PRPH,10-Apr-2015,1.37,1.43,1.32,1.36,400
PRQR,10-Apr-2015,21.16,21.68,20.2,20.47,48500
PRSC,10-Apr-2015,51.17,51.65,50.78,50.98,78100
PRSS,10-Apr-2015,3.97,4.05,3.92,3.95,14200
PRTA,10-Apr-2015,36.49,37.29,36.06,36.91,380700
PRTK,10-Apr-2015,27.74,29.98,27.29,29.97,34400
PRTO,10-Apr-2015,14.17,15.96,13.63,15.47,22900
PRTS,10-Apr-2015,2.09,2.18,2.09,2.14,2700
PSAU,10-Apr-2015,16.32,16.5,16.32,16.48,8200
PSCC,10-Apr-2015,54.46,54.56,54.21,54.39,6700
PSCD,10-Apr-2015,54.22,54.23,54.11,54.19,4700
PSCE,10-Apr-2015,30.07,30.08,29.82,30,27400
PSCF,10-Apr-2015,41.61,41.77,41.61,41.62,4500
PSCH,10-Apr-2015,70.36,70.36,69.27,69.69,24000
PSCI,10-Apr-2015,47.17,47.42,47.17,47.42,8900
PSCM,10-Apr-2015,41.75,41.88,41.75,41.88,2500
PSCT,10-Apr-2015,53.06,53.14,52.9,53.14,11000
PSCU,10-Apr-2015,39.34,39.57,39.34,39.41,1400
PSDV,10-Apr-2015,4.14,4.16,4.07,4.14,50500
PSEC,10-Apr-2015,8.41,8.41,8.39,8.39,1380900
PSMT,10-Apr-2015,82.57,83.99,78.61,82.12,621800
PSTI,10-Apr-2015,2.82,2.83,2.78,2.81,115400
PTC,10-Apr-2015,37.87,38.15,37.71,37.94,542500
PTCT,10-Apr-2015,71.94,72.71,69.63,71.66,470500
PTEN,10-Apr-2015,20.15,20.2,19.54,20.02,3660700
PTIE,10-Apr-2015,13.16,13.3,13.02,13.23,114800
PTLA,10-Apr-2015,38.44,38.94,38.21,38.79,197000
PTNR,10-Apr-2015,2.65,2.68,2.6,2.63,118800
PTSI,10-Apr-2015,58.94,58.94,57.47,57.63,7900
PTX,10-Apr-2015,10.4,10.49,10.06,10.09,591900
PWOD,10-Apr-2015,45.4,45.93,45.04,45.07,4800
PXLW,10-Apr-2015,4.78,4.81,4.73,4.75,90600
PZZA,10-Apr-2015,60.34,61.68,60.26,61.06,295900
QABA,10-Apr-2015,36.72,36.72,36.56,36.64,1700
QADA,10-Apr-2015,25.79,25.9,25.69,25.87,57100
QADB,10-Apr-2015,21.08,21.08,20.85,21,1700
QAT,10-Apr-2015,22.83,23.21,22.76,22.82,28600
QBAK,10-Apr-2015,8.94,9,8.76,8.94,1400
QCLN,10-Apr-2015,19.11,19.2,19.05,19.18,17900
QCOM,10-Apr-2015,68.67,69.2,68.47,69.16,10437900
QCRH,10-Apr-2015,18.08,18.08,18.01,18.08,400
QDEL,10-Apr-2015,25.33,25.68,25.22,25.54,116800
QINC,10-Apr-2015,21.94,21.94,21.89,21.91,7800
QIWI,10-Apr-2015,26.43,27,26.07,26.41,213300
QLYS,10-Apr-2015,52.17,54.09,51.46,54.07,478600
QNST,10-Apr-2015,5.94,5.96,5.77,5.77,35200
QQEW,10-Apr-2015,44.64,44.78,44.57,44.78,111600
QQQ,10-Apr-2015,107.27,107.76,107.03,107.75,17164300
QQQC,10-Apr-2015,26.13,26.2,25.79,26.04,10100
QQQX,10-Apr-2015,18.83,19,18.83,18.93,81100
QQXT,10-Apr-2015,42.28,42.37,42.21,42.33,29900
QRHC,10-Apr-2015,10.16,10.32,10,10,52800
QRVO,10-Apr-2015,75.61,75.93,72.76,73.58,1315400
QSII,10-Apr-2015,16.02,16.18,15.96,16.07,235000
QTEC,10-Apr-2015,44.1,44.4,44.04,44.4,48500
QTNT,10-Apr-2015,15.76,16.35,15.51,16.01,3000
QUIK,10-Apr-2015,2.08,2.08,1.98,1.98,279300
QUMU,10-Apr-2015,13.21,13.8,13,13.73,4000
QURE,10-Apr-2015,30.25,30.62,28.02,28.44,2138600
QVCA,10-Apr-2015,29.7,29.7,29.33,29.4,777400
QVCB,10-Apr-2015,29.25,29.25,29.25,29.25,0
QYLD,10-Apr-2015,23.75,23.86,23.75,23.77,1100
RADA,10-Apr-2015,5.24,5.34,5.04,5.16,295400
RAIL,10-Apr-2015,30.73,30.83,30.25,30.32,72300
RAND,10-Apr-2015,3.88,3.9,3.88,3.88,2400
RARE,10-Apr-2015,60.33,62.29,59.61,62.14,165000
RAVE,10-Apr-2015,13.99,14.02,13.35,13.55,56700
RAVN,10-Apr-2015,20.94,21.07,20.82,20.99,190700
RBCAA,10-Apr-2015,24.1,24.28,24.1,24.22,5900
RBCN,10-Apr-2015,36.9,37.5,36.6,37.1,152800
RCII,10-Apr-2015,27.21,27.56,27.2,27.41,395700
RCKY,10-Apr-2015,22.51,22.7,22.3,22.57,36600
RCMT,10-Apr-2015,6.36,6.64,6.36,6.52,18300
RCON,10-Apr-2015,1.74,2.09,1.65,1.86,278100
RDCM,10-Apr-2015,9.87,10.19,9.85,10.17,15200
RDHL,10-Apr-2015,14.15,14.34,13.82,14.34,9000
RDI,10-Apr-2015,13.84,13.9,13.61,13.79,26500
RDIB,10-Apr-2015,13.83,13.83,13.83,13.83,0
RDNT,10-Apr-2015,8.98,9.13,8.86,9,166000
RDUS,10-Apr-2015,44.22,44.58,42.57,43.18,269500
RDVY,10-Apr-2015,22.57,22.61,22.53,22.61,3000
RDWR,10-Apr-2015,21.88,22.16,21.59,21.9,263900
RECN,10-Apr-2015,16.52,17.07,16.4,17.05,220800
REFR,10-Apr-2015,6,6,5.81,5.89,30100
REGI,10-Apr-2015,9.04,9.4,9.04,9.33,202600
REGN,10-Apr-2015,457.06,463.47,454.42,461.39,588300
REIS,10-Apr-2015,25.89,26.36,25.73,26.08,23600
RELL,10-Apr-2015,9.05,9.08,8.96,8.96,4900
RELV,10-Apr-2015,7.7,7.98,7.42,7.98,46500
REPH,10-Apr-2015,9.91,11.7,9.73,11.17,367600
RESN,10-Apr-2015,4.46,4.65,4.28,4.44,160700
REXX,10-Apr-2015,44.8,45.3,42.8,43.2,1462800
RFIL,10-Apr-2015,4.19,4.24,4.15,4.21,4900
RGCO,10-Apr-2015,14.16,15.3267,14,14.3333,4100
RGEN,10-Apr-2015,30.09,30.74,30.04,30.5,306800
RGLD,10-Apr-2015,63.48,64.34,63.15,63.49,737500
RGLS,10-Apr-2015,17.46,17.9,17.42,17.74,324000
RGSE,10-Apr-2015,2760,2880,2640,2760,1680700
RIBT,10-Apr-2015,4.02,4.02,3.95,3.99,12600
RIBTW,10-Apr-2015,1.06,1.23,1.06,1.17,1900
RICK,10-Apr-2015,10.82,10.98,10.82,10.95,25200
RIGL,10-Apr-2015,3.87,3.98,3.82,3.93,726000
RLJE,10-Apr-2015,4.23,4.53,4.2,4.2,300
RLOG,10-Apr-2015,3.3,3.35,3.29,3.3,1400
RMBS,10-Apr-2015,13.34,13.8,13.34,13.73,860000
RMCF,10-Apr-2015,13.91,14.14,13.78,13.85,4500
RMGN,10-Apr-2015,1.51,1.53,1.48,1.49,157400
RMTI,10-Apr-2015,10.6,10.64,10.46,10.62,222400
RNET,10-Apr-2015,32.91,33.42,32.3,32.51,111700
RNST,10-Apr-2015,30.07,30.3,29.92,29.95,72100
RNWK,10-Apr-2015,6.66,6.69,6.64,6.65,23000
ROBO,10-Apr-2015,27.02,27.04,26.96,27.04,21400
ROCK,10-Apr-2015,16.32,16.32,16.06,16.22,51100
ROIC,10-Apr-2015,17.87,17.93,17.67,17.71,207300
ROKA,10-Apr-2015,32.2,33.3,31.5,31.7,25600
ROLL,10-Apr-2015,76.43,76.71,75.64,76.49,96400
ROSE,10-Apr-2015,21.24,21.62,21.01,21.56,2143100
ROSG,10-Apr-2015,3.28,3.34,3.08,3.1,513800
ROST,10-Apr-2015,51.97,52.015,51.5,51.73,1089700
RP,10-Apr-2015,19.49,19.6,19.15,19.2,68200
RPRX,10-Apr-2015,8.81,9.26,8.72,9.26,505200
RPXC,10-Apr-2015,14.71,14.8,14.42,14.75,245300
RRGB,10-Apr-2015,84.02,85.38,83.7,84.89,125000
RSYS,10-Apr-2015,2.12,2.13,2.04,2.09,90000
RTIX,10-Apr-2015,5.4,5.61,5.37,5.6,290800
RTRX,10-Apr-2015,23.58,23.83,23.13,23.2,233600
RUSHA,10-Apr-2015,27.64,27.69,27.18,27.36,156000
RUSHB,10-Apr-2015,24.9,25.16,24.8,24.8,2800
RUTH,10-Apr-2015,15.65,15.65,15.24,15.45,230800
RVLT,10-Apr-2015,11.5,11.6,11.2,11.6,114800
RVNC,10-Apr-2015,20.75,21.27,20.75,20.97,56200
RVSB,10-Apr-2015,4.36,4.49,4.36,4.49,5200
RWLK,10-Apr-2015,13.47,13.95,13.21,13.6,151500
RXDX,10-Apr-2015,10.81,10.86,10.38,10.55,238800
RXII,10-Apr-2015,7.8,8.3,7.5,8.1,802500
RYAAY,10-Apr-2015,66.07,66.73,65.85,66.1,393100
SABR,10-Apr-2015,25.24,25.28,25.05,25.22,1089300
SAEX,10-Apr-2015,438.75,438.75,429.3,432,3600
SAFM,10-Apr-2015,79.13,80.45,78.91,79.05,280700
SAFT,10-Apr-2015,59.74,60.03,59.11,59.69,26600
SAGE,10-Apr-2015,49.67,51.67,49.63,51.41,257200
SAIA,10-Apr-2015,40.5,41.96,40.21,41.95,268300
SAL,10-Apr-2015,28.79,29.28,28.79,29.28,3400
SALM,10-Apr-2015,6.11,6.11,6,6.01,12200
SAMG,10-Apr-2015,14.87,14.98,14.76,14.83,13800
SANM,10-Apr-2015,24.81,24.95,24.7,24.83,192800
SANW,10-Apr-2015,4.53,4.8,4.53,4.71,140800
SASR,10-Apr-2015,26.05,26.14,25.68,25.85,20200
SATS,10-Apr-2015,52.75,52.85,51.82,51.86,69800
SBAC,10-Apr-2015,118.95,119.05,117.66,117.67,572900
SBBX,10-Apr-2015,11.15,11.15,11.15,11.15,0
SBCF,10-Apr-2015,14.26,14.26,14.06,14.15,37700
SBCP,10-Apr-2015,12.52,12.54,12.24,12.26,2800
SBFG,10-Apr-2015,10.63,10.63,10.63,10.63,100
SBFGP,10-Apr-2015,11.95,11.95,11.95,11.95,0
SBGI,10-Apr-2015,31.53,31.82,31.47,31.62,337800
SBLK,10-Apr-2015,18.65,18.75,18.2,18.45,214200
SBNY,10-Apr-2015,130.82,131.1,129.98,130.54,239800
SBNYW,10-Apr-2015,99.5,99.5,99.5,99.5,0
SBRA,10-Apr-2015,32.14,32.45,31.71,31.78,302100
SBRAP,10-Apr-2015,26.55,26.82,26.55,26.66,45500
SBSI,10-Apr-2015,28.47,28.5,28.15,28.37,71200
SBUX,10-Apr-2015,48.6,48.6,47.88,48.17,6643100
SCHL,10-Apr-2015,39.46,39.76,39.09,39.61,117000
SCHN,10-Apr-2015,15.54,15.69,15.51,15.51,310100
SCMP,10-Apr-2015,19.78,20.53,19.54,19.92,956200
SCON,10-Apr-2015,19.95,19.95,19.5,19.5,39700
SCSC,10-Apr-2015,41.24,41.24,40.63,40.8,115800
SCVL,10-Apr-2015,28.88,28.88,28.08,28.55,48400
SCYX,10-Apr-2015,9.15,9.15,9,9.11,700
SEAC,10-Apr-2015,6.37,6.49,6.31,6.38,203100
SEDG,10-Apr-2015,24.48,24.7,23.89,24.13,169100
SEED,10-Apr-2015,1.64,1.67,1.58,1.58,76300
SEIC,10-Apr-2015,43.6,43.74,43.3,43.49,377900
SENEA,10-Apr-2015,30,30.54,29.67,29.9,20700
SENEB,10-Apr-2015,32.26,32.26,32.26,32.26,100
SFBC,10-Apr-2015,19.65,19.74,19.54,19.56,4000
SFBS,10-Apr-2015,34,34.5,33.5,34.25,50500
SFLY,10-Apr-2015,45.81,46.41,45.7,45.77,210400
SFM,10-Apr-2015,35.17,35.27,34.71,35.03,892400
SFNC,10-Apr-2015,44.73,44.88,44.21,44.75,27400
SFST,10-Apr-2015,17.23,17.23,17.23,17.23,0
SGC,10-Apr-2015,22.43,23.37,22.18,23.08,69000
SGEN,10-Apr-2015,36.35,37.34,36,37.09,868500
SGMA,10-Apr-2015,7.26,7.37,7.26,7.37,4200
SGMO,10-Apr-2015,15.2,15.72,15.14,15.41,406100
SGMS,10-Apr-2015,12.06,12.37,12.06,12.24,578500
SGOC,10-Apr-2015,2.4,2.8,2.2,2.28,448700
SGRP,10-Apr-2015,1.42,1.43,1.42,1.43,300
SGYP,10-Apr-2015,4.3,4.31,4.17,4.18,445200
SHBI,10-Apr-2015,9.1,9.16,9.1,9.16,1600
SHEN,10-Apr-2015,17.115,17.3,16.985,17.12,77300
SHIP,10-Apr-2015,4.1,4.1,3.95,3.95,8500
SHLD,10-Apr-2015,43.38,43.86,42.85,42.93,428300
SHLDW,10-Apr-2015,25.07,25.91,25.02,25.02,1000
SHLM,10-Apr-2015,46.76,47.3,46.51,46.74,175400
SHLO,10-Apr-2015,13.83,14.06,13.72,13.87,56600
SHOO,10-Apr-2015,39.6,39.63,39.08,39.24,282700
SHOS,10-Apr-2015,7.27,7.28,7.08,7.21,71400
SHPG,10-Apr-2015,251.83,252.96,248.03,248.77,953400
SIEB,10-Apr-2015,1.56,1.58,1.47,1.56,59300
SIEN,10-Apr-2015,17.41,17.68,16.97,17.26,17400
SIFI,10-Apr-2015,12.1,12.13,12.08,12.09,6400
SIFY,10-Apr-2015,1.33,1.33,1.28,1.28,45400
SIGI,10-Apr-2015,28.7,28.85,28.44,28.5,236200
SIGM,10-Apr-2015,8.45,8.48,8.31,8.42,306700
SILC,10-Apr-2015,41.62,42.24,41.33,42.23,16300
SIMO,10-Apr-2015,32.5,32.5,31.55,31.96,758300
SINA,10-Apr-2015,37.65,37.77,37.16,37.51,1307000
SINO,10-Apr-2015,1.44,1.45,1.4,1.41,30500
SIRI,10-Apr-2015,3.94,3.97,3.93,3.94,23621000
SIVB,10-Apr-2015,125.38,126.42,124.24,126.33,205200
SIVBO,10-Apr-2015,25.65,25.68,25.64,25.68,1100
SKIS,10-Apr-2015,6.42,6.69,6.11,6.51,111300
SKOR,10-Apr-2015,51.04,51.04,51.04,51.04,0
SKYS,10-Apr-2015,11.85,11.96,11.85,11.86,3000
SKYW,10-Apr-2015,14.4,14.67,14.17,14.41,227400
SKYY,10-Apr-2015,29.6,29.69,29.56,29.69,49700
SLAB,10-Apr-2015,52.13,52.16,51.53,52.15,284400
SLCT,10-Apr-2015,6.97,7.07,6.95,7.07,8100
SLGN,10-Apr-2015,29.11,29.155,28.825,28.875,177000
SLM,10-Apr-2015,9.4,9.46,9.3,9.42,1264700
SLMBP,10-Apr-2015,61.87,61.87,61.87,61.87,0
SLP,10-Apr-2015,5.9,5.99,5.85,5.98,21700
SLRC,10-Apr-2015,20.56,20.64,20.49,20.54,61000
SLVO,10-Apr-2015,11.39,11.52,11.39,11.45,11500
SMBC,10-Apr-2015,19,19.12,18.75,19.12,6400
SMCI,10-Apr-2015,34.6,35.42,34.42,35.12,279300
SMED,10-Apr-2015,6.65,6.65,6.52,6.63,18500
SMIT,10-Apr-2015,2.68,2.71,2.62,2.7,17100
SMMF,10-Apr-2015,11.72,12.04,11.72,12.03,4500
SMMT,10-Apr-2015,12.6,13.24,12.5,13,19400
SMRT,10-Apr-2015,12.17,12.34,11.92,12.27,156200
SMSI,10-Apr-2015,5.2,5.52,5.04,5.44,187200
SMTC,10-Apr-2015,26.72,26.8,26.35,26.46,353500
SMTX,10-Apr-2015,1.36,1.41,1.36,1.38,13100
SNBC,10-Apr-2015,19.11,19.12,18.96,18.96,3200
SNCR,10-Apr-2015,48.99,49.59,48.63,49.42,340400
SNFCA,10-Apr-2015,5.35,5.53,5.35,5.46,2000
SNHY,10-Apr-2015,40.01,40.17,39.81,39.95,26700
SNMX,10-Apr-2015,4.9,5.14,4.82,4.99,278900
SNPS,10-Apr-2015,47.65,48.02,47.64,47.8,500800
SNSS,10-Apr-2015,16.02,16.44,15.66,16.32,2347800
SOCL,10-Apr-2015,20.28,20.42,20.28,20.42,42700
SODA,10-Apr-2015,19.91,20,19.43,19.92,368800
SOFO,10-Apr-2015,9.98,10.06,9.75,9.8,8300
SOHO,10-Apr-2015,7.65,7.65,7.5,7.63,26200
SOHU,10-Apr-2015,59.93,60.36,57.15,57.81,984700
SONA,10-Apr-2015,11.66,12.18,11.65,12.18,3900
SONC,10-Apr-2015,31.85,32.22,31.67,31.85,625600
SORL,10-Apr-2015,3.64,3.64,3.51,3.52,12300
SOXX,10-Apr-2015,95.48,95.82,95.36,95.82,88200
SP,10-Apr-2015,22.15,22.15,22.04,22.09,33300
SPAR,10-Apr-2015,5,5.01,4.87,4.97,78800
SPCB,10-Apr-2015,9.46,10.03,9.28,9.89,248500
SPEX,10-Apr-2015,15.58,15.58,15.2,15.58,79600
SPHS,10-Apr-2015,0.66,0.71,0.66,0.67,224300
SPIL,10-Apr-2015,8.09,8.21,8.07,8.19,699600
SPKE,10-Apr-2015,7.06,7.11,6.83,7.02,15900
SPLK,10-Apr-2015,63.96,64.5,63.11,63.17,1158800
SPNS,10-Apr-2015,8.7,8.7,8.46,8.59,16800
SPOK,10-Apr-2015,20.46,20.82,20.39,20.55,84700
SPPI,10-Apr-2015,5.93,6.07,5.92,6,596300
SPRO,10-Apr-2015,1.75,2.03,1.61,1.61,47500
SPRT,10-Apr-2015,1.62,1.78,1.62,1.78,163700
SPSC,10-Apr-2015,67.68,68.47,67.06,67.27,55200
SPTN,10-Apr-2015,32.48,32.48,31.86,32.04,157900
SPWH,10-Apr-2015,8.75,8.9,8.62,8.65,237000
SPWR,10-Apr-2015,32.72,33.04,32.47,32.81,964700
SQBG,10-Apr-2015,13.56,14,13.33,13.96,261600
SQQQ,10-Apr-2015,102,102.68,100.6,100.64,2608600
SRCE,10-Apr-2015,32.35,32.6,32.17,32.31,23400
SRCL,10-Apr-2015,141.64,142.68,141,141.93,359100
SRDX,10-Apr-2015,26.19,26.39,25.85,25.95,77000
SRET,10-Apr-2015,15.51,15.59,15.51,15.59,800
SREV,10-Apr-2015,3.3,3.35,3.29,3.31,182500
SRNE,10-Apr-2015,11.93,12.15,11.73,11.79,127300
SRPT,10-Apr-2015,14.14,14.14,13.75,13.85,739400
SSB,10-Apr-2015,68.32,68.78,67.64,68.22,28500
SSBI,10-Apr-2015,13.72,13.72,13.71,13.71,300
SSFN,10-Apr-2015,5.71,5.75,5.65,5.65,3600
SSNC,10-Apr-2015,62.45,63.3,61.98,62.93,362600
SSYS,10-Apr-2015,56.86,57.37,56.21,57.06,594100
STAA,10-Apr-2015,8.75,8.83,8.2,8.36,268200
STB,10-Apr-2015,5.45,5.45,5.39,5.42,114600
STBA,10-Apr-2015,28.89,29,28.51,28.64,103200
STBZ,10-Apr-2015,20.29,20.39,20.14,20.37,61100
STDY,10-Apr-2015,8.5,8.56,8.46,8.46,15500
STFC,10-Apr-2015,25.18,25.18,24.63,24.74,23600
STKL,10-Apr-2015,11.2,11.32,11.05,11.1,215700
STLD,10-Apr-2015,20.63,20.8,20.51,20.61,1617300
STLY,10-Apr-2015,3,3.06,2.92,3.03,33100
STML,10-Apr-2015,14.86,15.6,14.86,15.55,82600
STMP,10-Apr-2015,66.45,67.61,66.12,67.08,95300
STPP,10-Apr-2015,34.16,34.16,34.16,34.16,0
STRA,10-Apr-2015,52.42,53.02,52.05,52.13,108800
STRL,10-Apr-2015,4.7,4.73,4.46,4.5,140600
STRM,10-Apr-2015,3.25,3.32,3.15,3.25,42500
STRS,10-Apr-2015,13.5,13.74,13.28,13.74,7300
STRT,10-Apr-2015,74.99,74.99,72.91,74.96,25000
STX,10-Apr-2015,54.58,55.99,54.56,55.58,3725700
SUMR,10-Apr-2015,3.14,3.14,3.07,3.11,6500
SUNS,10-Apr-2015,16.68,16.7,16.55,16.64,10000
SUPN,10-Apr-2015,12.56,12.94,12.41,12.84,856900
SVA,10-Apr-2015,5,5.04,4.9,4.95,89500
SVBI,10-Apr-2015,4.83,4.85,4.8,4.8,2400
SVVC,10-Apr-2015,14.47,14.47,14.21,14.36,20500
SWIR,10-Apr-2015,36.96,37.97,36.39,37.58,564300
SWKS,10-Apr-2015,99.87,100.43,98.8,99.64,2127900
SYBT,10-Apr-2015,22.96,22.96,22.74,22.8533,19600
SYKE,10-Apr-2015,24.84,24.93,24.69,24.81,101200
SYMC,10-Apr-2015,24.32,26.15,24.19,25.58,12753000
SYNA,10-Apr-2015,86.8,87.81,86.57,87.34,702100
SYNC,10-Apr-2015,2.54,2.63,2.49,2.53,352300
SYNL,10-Apr-2015,14.61,14.65,14.41,14.49,10500
SYNT,10-Apr-2015,51.78,51.78,51.39,51.72,172900
SYPR,10-Apr-2015,1.56,1.64,1.4,1.45,66700
TACT,10-Apr-2015,5.31,5.31,5.12,5.28,4000
TAIT,10-Apr-2015,0.98,0.98,0.97,0.98,2400
TANH,10-Apr-2015,12,14.49,11.25,13.94,85800
TAPR,10-Apr-2015,29.42,29.44,29.18,29.34,1700
TAST,10-Apr-2015,8.26,8.43,8.23,8.38,222200
TATT,10-Apr-2015,6.9,6.9,6.9,6.9,0
TAX,10-Apr-2015,29.44,29.7,29.1,29.22,73400
TAYD,10-Apr-2015,12.38,12.38,12.03,12.03,900
TBBK,10-Apr-2015,9.03,9.07,8.86,9.02,109900
TBK,10-Apr-2015,13.4,13.43,13.27,13.42,9800
TBNK,10-Apr-2015,23.32,23.4,23.03,23.34,18600
TBPH,10-Apr-2015,17.91,18.28,17.74,18.01,43300
TCBI,10-Apr-2015,48.97,49.42,48.55,48.98,365000
TCBIL,10-Apr-2015,25.15,25.15,24.85,24.92,3900
TCBIP,10-Apr-2015,25.11,25.11,24.99,25,8600
TCBK,10-Apr-2015,24.33,24.35,24.14,24.28,14500
TCCO,10-Apr-2015,4.35,4.48,4.16,4.43,6500
TCFC,10-Apr-2015,19.75,20.27,19.75,20.27,2000
TCON,10-Apr-2015,12.7,12.7,11.66,12.4,43600
TCPC,10-Apr-2015,16.02,16.1,15.89,15.9,154900
TCRD,10-Apr-2015,12.43,12.49,12.28,12.41,96100
TCX,10-Apr-2015,18.78,18.79,18.44,18.55,22700
TDIV,10-Apr-2015,27.37,27.54,27.32,27.54,93200
TECD,10-Apr-2015,59.76,60.07,59.41,59.9,282700
TECH,10-Apr-2015,100.01,100.36,99.12,99.99,131100
TEDU,10-Apr-2015,11.25,11.69,11.2,11.27,244900
TENX,10-Apr-2015,3.46,3.54,3.38,3.47,23900
TERP,10-Apr-2015,40,40.77,39.71,40.25,872800
TESS,10-Apr-2015,24.48,24.62,24.09,24.35,6000
TFSL,10-Apr-2015,14.62,14.76,14.55,14.68,160000
TGA,10-Apr-2015,3.96,4.12,3.96,4.09,382200
TGEN,10-Apr-2015,5.18,5.18,5.05,5.1,2100
TGLS,10-Apr-2015,9.6,9.8,9.58,9.8,8300
TGTX,10-Apr-2015,15.68,16.11,15.53,15.91,273600
THFF,10-Apr-2015,35.34,35.34,34.85,34.88,7700
THRM,10-Apr-2015,51.99,52.32,51.51,51.6,226000
THST,10-Apr-2015,2.96,2.96,2.9,2.9,1200
TICC,10-Apr-2015,6.75,6.85,6.7,6.7,338400
TILE,10-Apr-2015,20.8,20.96,20.64,20.89,379000
TIPT,10-Apr-2015,6.64,6.69,6.2,6.3,18200
TISA,10-Apr-2015,3.42,3.46,3.41,3.45,40400
TITN,10-Apr-2015,13.67,13.71,13.05,13.15,80100
TIVO,10-Apr-2015,11.14,11.16,10.97,11.03,2604900
TLF,10-Apr-2015,8.65,8.77,8.65,8.77,4600
TLT,10-Apr-2015,130.35,130.45,129.55,129.62,4842900
TNAV,10-Apr-2015,8.14,8.18,8.06,8.15,115000
TNDM,10-Apr-2015,13.07,13.11,12.53,12.9,219500
TNXP,10-Apr-2015,6.11,6.23,6.09,6.19,46400
TOPS,10-Apr-2015,220,222,220,220,5400
TORM,10-Apr-2015,6.25,6.36,6.25,6.36,200
TOUR,10-Apr-2015,15,15.23,14.92,15.1,111900
TOWN,10-Apr-2015,16.42,16.52,16.31,16.44,88700
TQQQ,10-Apr-2015,53.895,54.57,53.495,54.55,2362100
TRCB,10-Apr-2015,8.95,8.95,8.95,8.95,100
TRCH,10-Apr-2015,0.34,0.36,0.31,0.34,185600
TREE,10-Apr-2015,57.2,57.22,56.41,56.6,58900
TRIB,10-Apr-2015,17.82,17.9,17.64,17.84,68200
TRIL,10-Apr-2015,29.43,29.92,28.25,28.73,193800
TRIP,10-Apr-2015,83.12,83.3,82.51,82.93,1084600
TRMB,10-Apr-2015,25.45,25.77,25.24,25.76,1029400
TRMK,10-Apr-2015,24.29,24.37,24.07,24.26,224200
TRNS,10-Apr-2015,9.15,9.95,9.1,9.91,4900
TROV,10-Apr-2015,7.02,7.08,6.95,7,138800
TROW,10-Apr-2015,81.29,81.51,80.59,80.98,1401900
TRS,10-Apr-2015,31.36,31.36,30.85,30.88,105700
TRST,10-Apr-2015,6.85,6.91,6.85,6.88,61000
TRUE,10-Apr-2015,16.1,16.29,15.93,16.07,749200
TRVN,10-Apr-2015,6.85,7.01,6.71,6.8,186200
TSBK,10-Apr-2015,10.68,10.87,10.68,10.87,200
TSC,10-Apr-2015,10.53,10.85,10.51,10.7,54300
TSCO,10-Apr-2015,86.12,87.86,85.91,87.28,689600
TSEM,10-Apr-2015,16.8,17.1,16.75,17.08,301300
TSLA,10-Apr-2015,209.85,211.65,209,210.9,4067600
TSRI,10-Apr-2015,4.44,4.6,3.9,4.34,31300
TSRO,10-Apr-2015,57.88,58.83,57.65,58.22,332600
TST,10-Apr-2015,1.75,1.75,1.65,1.72,91500
TTEC,10-Apr-2015,24.84,25.5,24.84,25.34,54200
TTEK,10-Apr-2015,24.34,24.39,24.11,24.29,210900
TTGT,10-Apr-2015,11.73,11.89,10.67,10.93,200300
TTMI,10-Apr-2015,9.11,9.17,9.08,9.13,245300
TTOO,10-Apr-2015,19.25,19.25,18.5,18.64,76100
TTPH,10-Apr-2015,36.87,38.62,36.69,37.62,524000
TTS,10-Apr-2015,12.69,12.78,12.4,12.54,168500
TTWO,10-Apr-2015,24.88,25.28,24.88,25.27,1214800
TUES,10-Apr-2015,16.25,16.39,16.09,16.28,294100
TUSA,10-Apr-2015,26.76,26.76,26.76,26.76,0
TVIX,10-Apr-2015,1.36,1.38,1.27,1.27,27950800
TVIZ,10-Apr-2015,18.21,18.21,17.54,17.54,700
TWIN,10-Apr-2015,17.8,17.85,17.33,17.6,19800
TWMC,10-Apr-2015,3.85,3.93,3.73,3.92,130400
TWOU,10-Apr-2015,24.51,25.12,24.36,25.02,151400
TXN,10-Apr-2015,57.83,57.85,57.54,57.7,3410800
TXRH,10-Apr-2015,35.64,36.08,35.46,35.96,303500
TYPE,10-Apr-2015,32.97,33.13,32.56,32.91,48700
TZOO,10-Apr-2015,9.94,10.05,9.51,9.57,73400
UAE,10-Apr-2015,19.39,19.7,19.35,19.5,17400
UBCP,10-Apr-2015,7.9,7.9,7.8,7.87,7500
UBFO,10-Apr-2015,5.2,5.2,5.11,5.16,7200
UBNK,10-Apr-2015,12.64,12.69,12.49,12.68,63000
UBNT,10-Apr-2015,29.44,30.2,29.44,30.08,325600
UBOH,10-Apr-2015,15,15.05,15,15.05,2400
UBSH,10-Apr-2015,22.51,22.56,22.4,22.5,32800
UBSI,10-Apr-2015,37.23,37.35,36.83,37.25,236900
UCBA,10-Apr-2015,12.68,12.68,12.68,12.68,0
UCBI,10-Apr-2015,18.91,18.95,18.69,18.88,107000
UCFC,10-Apr-2015,5.54,5.55,5.46,5.48,215300
UCTT,10-Apr-2015,7.33,7.38,7.17,7.21,112700
UEIC,10-Apr-2015,57.97,57.97,57.15,57.56,35500
UEPS,10-Apr-2015,13.47,13.64,13.13,13.23,153600
UFCS,10-Apr-2015,32.25,32.25,31.71,31.91,21200
UFPI,10-Apr-2015,53.46,53.46,52.58,53.03,55300
UFPT,10-Apr-2015,20.98,21.03,20.5,20.72,18800
UG,10-Apr-2015,18.58,18.6,18.49,18.6,1500
UGLD,10-Apr-2015,11.65,11.7,11.5,11.63,71600
UHAL,10-Apr-2015,324.52,327.06,322.5,326.99,29700
UIHC,10-Apr-2015,21.32,21.36,20.48,20.49,455700
ULBI,10-Apr-2015,3.65,3.93,3.64,3.88,6200
ULTA,10-Apr-2015,151.92,152.68,151.37,151.68,304500
ULTI,10-Apr-2015,173.61,176.84,172.8,176.71,175700
UMBF,10-Apr-2015,52.54,52.96,52.23,52.79,86300
UMPQ,10-Apr-2015,17.25,17.33,17.14,17.24,702900
UNAM,10-Apr-2015,10.51,10.75,10.5,10.75,700
UNB,10-Apr-2015,25.5,25.5,25.38,25.5,1600
UNFI,10-Apr-2015,73.92,74.59,72.83,74.56,268200
UNTY,10-Apr-2015,9.15,9.17,9.1,9.17,1300
UPLD,10-Apr-2015,6.49,7.1,6.48,6.98,39700
URBN,10-Apr-2015,43.72,44.03,43.55,43.85,973000
USAK,10-Apr-2015,26.86,27.24,26.39,26.99,51000
USAP,10-Apr-2015,26.25,26.25,25.91,25.93,20600
USAT,10-Apr-2015,2.75,2.8,2.72,2.76,190200
USATP,10-Apr-2015,19.72,19.72,19.72,19.72,0
USCR,10-Apr-2015,33.3,33.96,33.06,33.43,113500
USEG,10-Apr-2015,7.02,7.02,6.9,6.9,23100
USLM,10-Apr-2015,69.94,69.94,66.41,66.83,18200
USLV,10-Apr-2015,20.25,20.57,19.61,19.92,418600
UTHR,10-Apr-2015,185.98,188.35,183.91,184.44,583400
UTMD,10-Apr-2015,58.55,59,58.2,58.8,2100
UTSI,10-Apr-2015,2.69,2.69,2.63,2.64,42500
UVSP,10-Apr-2015,19.58,19.66,19.51,19.57,19700
VALU,10-Apr-2015,14.35,14.35,14.2,14.35,1200
VALX,10-Apr-2015,26.63,26.69,26.57,26.64,10100
VBFC,10-Apr-2015,17.86,17.86,17.3,17.3,200
VBIV,10-Apr-2015,2.75,2.75,2.64,2.65,5400
VBLT,10-Apr-2015,4.56,4.64,4.55,4.6,73000
VBND,10-Apr-2015,50.62,50.7,50.54,50.54,21000
VBTX,10-Apr-2015,14.1,14.1,14.09,14.1,5500
VCEL,10-Apr-2015,3.73,3.75,3.67,3.72,78400
VCIT,10-Apr-2015,87.87,87.94,87.63,87.81,338900
VCLT,10-Apr-2015,94.48,94.57,94.02,94.04,99700
VCSH,10-Apr-2015,80.23,80.23,80.17,80.19,347900
VCYT,10-Apr-2015,8.26,8.34,8.06,8.16,37100
VDSI,10-Apr-2015,23.77,24.18,23.11,24.08,910600
VDTH,10-Apr-2015,11.8,11.89,11.56,11.89,49200
VECO,10-Apr-2015,30.85,31.72,30.71,31.6,193900
VGIT,10-Apr-2015,65.41,65.41,65.27,65.3,35500
VGLT,10-Apr-2015,80.21,80.21,79.74,79.85,48800
VGSH,10-Apr-2015,61.1,61.14,61.05,61.08,94400
VIA,10-Apr-2015,69.89,69.89,69.39,69.49,20900
VIAB,10-Apr-2015,69.59,69.66,69.15,69.26,2029100
VICL,10-Apr-2015,9.2,9.5,9.2,9.3,80500
VICR,10-Apr-2015,15.18,16.24,15.18,16.21,82300
VIDI,10-Apr-2015,24.53,24.55,24.44,24.51,35500
VIIX,10-Apr-2015,31.01,31.05,29.88,29.92,59800
VIIZ,10-Apr-2015,17.11,17.11,17.11,17.11,0
VIRC,10-Apr-2015,2.71,2.83,2.57,2.75,7000
VIVO,10-Apr-2015,19.63,19.63,19.41,19.49,161100
VLGEA,10-Apr-2015,33.03,33.75,32.98,33.28,82800
VMBS,10-Apr-2015,53.45,53.46,53.36,53.43,300100
VNDA,10-Apr-2015,9.52,9.65,9.39,9.52,487300
VNET,10-Apr-2015,19.8,20.2,19.75,19.76,689800
VNOM,10-Apr-2015,19,20.37,18.77,19.87,178300
VNQI,10-Apr-2015,58.75,58.85,58.6,58.84,260500
VOD,10-Apr-2015,33.17,33.6,33.17,33.53,3094200
VONE,10-Apr-2015,97.04,97.31,96.92,97.31,22800
VONG,10-Apr-2015,102.91,103.23,102.75,103.19,10400
VONV,10-Apr-2015,91.2,91.51,91.2,91.51,26500
VOXX,10-Apr-2015,9.08,9.32,9.05,9.16,48600
VRA,10-Apr-2015,16.18,16.4,15.95,16.01,332400
VRML,10-Apr-2015,1.79,1.86,1.79,1.86,7400
VRNS,10-Apr-2015,26.87,27.83,26.71,27.51,88900
VRNT,10-Apr-2015,63.37,63.6,62.95,63.07,187600
VRSK,10-Apr-2015,73,73.23,72.6,72.86,654600
VRSN,10-Apr-2015,67.61,67.93,67.18,67.75,645100
VRTS,10-Apr-2015,135.06,136.21,129.27,130.97,92900
VRTU,10-Apr-2015,40.5,40.67,40.38,40.48,49800
VRTX,10-Apr-2015,126.76,128.78,125.84,128.47,1119500
VSAR,10-Apr-2015,18.16,18.68,17.91,18.19,79900
VSAT,10-Apr-2015,61.36,62.37,61.17,62.24,139600
VSEC,10-Apr-2015,40.585,41.27,40.185,40.315,24800
VSTM,10-Apr-2015,10.3,10.54,10.2,10.43,221300
VTHR,10-Apr-2015,97.35,97.7,97.35,97.67,25000
VTIP,10-Apr-2015,48.54,48.58,48.51,48.55,115500
VTL,10-Apr-2015,26.25,26.25,25.33,25.69,58900
VTNR,10-Apr-2015,2.57,2.68,2.55,2.58,128000
VTWG,10-Apr-2015,111.75,112.02,111.5,111.8,8500
VTWO,10-Apr-2015,100.6,100.8,100.42,100.75,34100
VTWV,10-Apr-2015,90.05,90.16,90.05,90.15,5200
VUSE,10-Apr-2015,27.75,27.78,27.69,27.78,9800
VUZI,10-Apr-2015,5.8,6.97,5.7,6.74,327800
VVUS,10-Apr-2015,2.35,2.43,2.35,2.4,843200
VWOB,10-Apr-2015,78.99,78.99,78.74,78.86,28900
VXUS,10-Apr-2015,52.31,52.4,52.18,52.4,361700
WABC,10-Apr-2015,43.11,43.27,42.65,43.18,136000
WAFD,10-Apr-2015,21.66,21.72,21.53,21.64,203000
WASH,10-Apr-2015,37.75,37.91,37.44,37.75,18400
WATT,10-Apr-2015,9.02,9.43,8.9,9.35,96600
WB,10-Apr-2015,15.15,15.3,14.72,14.88,632100
WBA,10-Apr-2015,92.14,92.5,90.25,92.02,5978500
WDAY,10-Apr-2015,87.91,89.65,87.66,88.7,861300
WDC,10-Apr-2015,94.63,96.49,94.45,95.89,2115200
WDFC,10-Apr-2015,83.72,84.63,83.07,83.72,79000
WEBK,10-Apr-2015,18.5,18.5,18.5,18.5,100
WEN,10-Apr-2015,10.74,10.86,10.72,10.72,2555300
WERN,10-Apr-2015,30.53,31.17,30.4,31.01,755500
WETF,10-Apr-2015,21.91,22.58,21.75,22.37,1448000
WEYS,10-Apr-2015,30.31,30.31,29.78,29.78,7100
WFBI,10-Apr-2015,16.11,16.74,16.1,16.74,1400
WHF,10-Apr-2015,12.6,12.76,12.6,12.75,36400
WHFBL,10-Apr-2015,25.35,25.35,25.35,25.35,0
WHLM,10-Apr-2015,5.22,5.22,5.2,5.2,1000
WHLR,10-Apr-2015,19.04,19.12,18.56,18.96,55100
WHLRP,10-Apr-2015,24.25,24.56,24.25,24.35,30000
WHLRW,10-Apr-2015,0.1,0.1,0.1,0.1,4500
WIFI,10-Apr-2015,8.52,8.52,8.35,8.44,493900
WILC,10-Apr-2015,5.59,5.6,5.59,5.6,2300
WIN,10-Apr-2015,8.05,8.14,7.92,7.99,11544700
WINA,10-Apr-2015,85.9,85.9,84.5,85,2100
WIRE,10-Apr-2015,39.01,39.45,38.83,39,135600
WIX,10-Apr-2015,20.25,20.5,20,20.48,182200
WLB,10-Apr-2015,28.1,28.65,27.84,28.35,35400
WLDN,10-Apr-2015,14.69,14.75,14.51,14.65,59700
WLFC,10-Apr-2015,18.85,18.87,18.1,18.39,15300
WMGI,10-Apr-2015,26.12,26.44,25.95,26.3,540200
WMGIZ,10-Apr-2015,4.2,4.2,4.13,4.15,17700
WOOD,10-Apr-2015,54.91,55.27,54.91,55.1,9900
WPCS,10-Apr-2015,5.72,5.94,5.06,5.06,1344000
WPRT,10-Apr-2015,4.41,4.47,4.32,4.36,160900
WRLD,10-Apr-2015,77,78.32,76.9,77.68,165900
WSBC,10-Apr-2015,32.7,32.7,32.22,32.4,47300
WSBF,10-Apr-2015,12.79,12.84,12.73,12.76,64900
WSCI,10-Apr-2015,6.17,6.17,6.03,6.03,1900
WSFS,10-Apr-2015,24.7867,24.9667,24.7733,24.9467,13400
WSTG,10-Apr-2015,17.7,17.7,17.45,17.57,7100
WSTL,10-Apr-2015,5.32,5.32,5,5.2,17600
WTBA,10-Apr-2015,19.17,19.33,18.95,19.14,7600
WTFC,10-Apr-2015,48.15,48.33,47.77,47.88,99000
WTFCW,10-Apr-2015,25.44,25.44,25.44,25.44,0
WVFC,10-Apr-2015,11.85,11.85,11.85,11.85,0
WVVI,10-Apr-2015,6.12,6.2,6.12,6.2,300
WWD,10-Apr-2015,49.05,49.26,48.83,49.2,183900
WYNN,10-Apr-2015,136.34,136.35,133.34,136.02,1774300
XBKS,10-Apr-2015,6.03,6.12,6,6.1,2400
XCRA,10-Apr-2015,9.74,9.74,9.5,9.51,347900
XENE,10-Apr-2015,16.9,17.19,16.64,16.86,46800
XENT,10-Apr-2015,26.33,26.79,26.33,26.57,61200
XGTI,10-Apr-2015,3.24,3.24,2.88,3.12,348200
XGTIW,10-Apr-2015,2.28,2.28,2.16,2.16,4400
XIV,10-Apr-2015,38.49,39.9,38.44,39.89,14676200
XLNX,10-Apr-2015,43.01,43.92,42.97,43.83,3546500
XLRN,10-Apr-2015,34.32,34.7,33.68,34.23,146900
XNCR,10-Apr-2015,15.48,15.84,15.12,15.79,56200
XNET,10-Apr-2015,7.25,7.38,6.94,7,183600
XOMA,10-Apr-2015,76,77.6,75.2,76,1260600
XONE,10-Apr-2015,15.33,15.97,15.24,15.72,143600
XPLR,10-Apr-2015,6.2,6.44,6.2,6.44,20000
XRAY,10-Apr-2015,51.36,51.79,51.25,51.7,563400
XTLB,10-Apr-2015,11.3,11.75,11.3,11.75,200
YDIV,10-Apr-2015,19.2,19.21,19.04,19.1,7200
YNDX,10-Apr-2015,17.97,18.17,17.62,17.84,4776500
YORW,10-Apr-2015,23.55,23.96,23.42,23.94,17900
YRCW,10-Apr-2015,16.27,16.8,16.27,16.42,336100
YY,10-Apr-2015,65.12,65.9,62.8,63.47,1153000
Z,10-Apr-2015,97.38,99.33,96.77,97.64,1025700
ZAGG,10-Apr-2015,8.87,9.06,8.73,8.73,179200
ZAIS,10-Apr-2015,10.28,10.28,9.84,9.98,2200
ZBRA,10-Apr-2015,95.76,96.23,95.25,95.46,219200
ZEUS,10-Apr-2015,12.02,12.21,11.75,11.76,72500
ZFGN,10-Apr-2015,38.03,38.5,37.46,38.03,167500
ZGNX,10-Apr-2015,11.92,12,11.76,11.92,782600
ZION,10-Apr-2015,27.52,27.64,27.18,27.33,1109900
ZIONW,10-Apr-2015,3.9,3.9,3.9,3.9,0
ZIOP,10-Apr-2015,9.72,10.19,9.6,10.13,2934800
ZIV,10-Apr-2015,43.45,44.62,43.45,44.46,47200
ZIXI,10-Apr-2015,3.99,3.99,3.93,3.98,234100
ZN,10-Apr-2015,1.8,1.83,1.8,1.83,31800
ZNGA,10-Apr-2015,2.43,2.51,2.42,2.49,44150900
ZSAN,10-Apr-2015,9.92,10.99,9.76,10.69,5200
ZUMZ,10-Apr-2015,35.75,35.75,35.01,35.63,352000
