Symbol,Date,Open,High,Low,Close,Volume
AADR,03-Jul-2013,32.92,32.92,32.92,32.92,0
AAU,03-Jul-2013,1.49,1.5,1.42,1.43,46600
ACIM,03-Jul-2013,52.53,52.67,52.53,52.67,800
ACU,03-Jul-2013,13.05,13.05,12.8,13.04,1200
ACWV,03-Jul-2013,59.88,60.13,59.59,59.98,65900
ACY,03-Jul-2013,19.28,19.48,19.1,19.48,700
AE,03-Jul-2013,69.06,71.13,68.61,69.1,2300
AFK,03-Jul-2013,27.26,27.53,27.2,27.5,24500
AGA,03-Jul-2013,14.6,14.6,14.55,14.6,2200
AGF,03-Jul-2013,17.49,17.7,17.49,17.49,300
AGG,03-Jul-2013,107.22,107.28,107.01,107.01,442500
AGQ,03-Jul-2013,68.2,69.8,67.84,68.48,1451400
AGZ,03-Jul-2013,111.01,111.36,111.01,111.05,7200
AIRI,03-Jul-2013,6.12,6.12,6.12,6.12,0
AKG,03-Jul-2013,2.16,2.26,2.12,2.17,56700
ALD,03-Jul-2013,48.73,48.85,48.73,48.8,20700
ALFA,03-Jul-2013,31.59,31.6,31.28,31.6,4300
ALN,03-Jul-2013,1.05,1.05,1.04,1.04,18400
AMJ,03-Jul-2013,46.8,47.2,46.16,46.33,455600
AMLP,03-Jul-2013,17.91,17.93,17.76,17.86,1534600
AMPE,03-Jul-2013,5.85,5.97,5.81,5.9,136500
AMS,03-Jul-2013,2.15,2.15,2.15,2.15,0
AMU,03-Jul-2013,28.29,28.51,28.24,28.51,31700
ANGL,03-Jul-2013,26.04,26.25,25.94,25.94,300
AOA,03-Jul-2013,39.77,39.77,39.49,39.71,19600
AOK,03-Jul-2013,30.64,30.69,30.64,30.69,15200
AOM,03-Jul-2013,32.37,32.37,32.16,32.31,11800
AOR,03-Jul-2013,35.31,35.34,35.17,35.34,20000
APT,03-Jul-2013,1.61,1.62,1.58,1.59,41900
ARGT,03-Jul-2013,16.34,16.34,16.34,16.34,600
ASEA,03-Jul-2013,16.55,16.73,16.5,16.72,13700
ASM,03-Jul-2013,0.88,0.88,0.84,0.84,22800
ATMP,03-Jul-2013,25.95,26.03,25.85,26.02,6900
AUMN,03-Jul-2013,1.4,1.43,1.4,1.43,61200
AUSE,03-Jul-2013,53.03,53.68,52.96,53.34,4500
AWX,03-Jul-2013,3.49,3.49,3.49,3.49,300
AXJL,03-Jul-2013,62,62.47,62,62.47,1800
AXU,03-Jul-2013,1.26,1.27,1.2,1.23,197600
AYT,03-Jul-2013,45.46,45.89,45.46,45.89,1400
BAB,03-Jul-2013,28.2,28.35,28.18,28.29,174700
BAL,03-Jul-2013,54.48,54.85,54.48,54.78,10400
BBRC,03-Jul-2013,20.21,20.21,20.16,20.18,2900
BCM,03-Jul-2013,39.18,39.27,39.18,39.24,3800
BCV,03-Jul-2013,17.25,17.3,17.17,17.23,5700
BDCL,03-Jul-2013,26.75,27.1,26.75,27.01,19900
BDCS,03-Jul-2013,25.5,25.66,25.5,25.59,7400
BDD,03-Jul-2013,7.97,8.02,7.97,7.98,800
BDL,03-Jul-2013,9.65,9.66,9.64,9.66,3800
BDR,03-Jul-2013,1.02,1.02,1.02,1.02,0
BFOR,03-Jul-2013,24.86,25.06,24.86,24.94,35900
BFY,03-Jul-2013,14.43,14.48,14.28,14.47,5000
BHB,03-Jul-2013,23.7467,23.9733,23.7467,23.9533,1500
BHV,03-Jul-2013,17.51,17.51,17.35,17.46,2300
BIL,03-Jul-2013,45.81,45.81,45.8,45.81,416100
BIV,03-Jul-2013,83.52,83.65,83.37,83.38,215100
BIZD,03-Jul-2013,19.65,19.65,19.65,19.65,0
BJK,03-Jul-2013,40.34,40.34,40.34,40.34,100
BKF,03-Jul-2013,33,33.33,32.84,33.14,148300
BKJ,03-Jul-2013,15.11,15.45,14.96,14.98,1800
BKLN,03-Jul-2013,24.74,24.77,24.72,24.76,1070100
BLE,03-Jul-2013,14.51,14.51,14.39,14.4,43000
BLJ,03-Jul-2013,14.63,14.63,14.62,14.62,300
BLV,03-Jul-2013,85.4,85.62,85.23,85.44,31600
BND,03-Jul-2013,80.88,80.96,80.8,80.81,562200
BNO,03-Jul-2013,40.12,40.275,39.99,40.195,38700
BOIL,03-Jul-2013,146.12,152.4,145.24,150.04,75400
BOM,03-Jul-2013,15.01,15.19,14.96,14.96,3400
BOND,03-Jul-2013,105.7,105.78,105.44,105.54,212600
BOS,03-Jul-2013,17.6,17.6,17.6,17.6,0
BRF,03-Jul-2013,30.1,30.15,29.77,29.88,106900
BRN,03-Jul-2013,3.35,3.35,3.35,3.35,100
BRZU,03-Jul-2013,175,183.6,173.5,180.8,7800
BSCH,03-Jul-2013,22.31,22.31,22.26,22.29,33600
BSCI,03-Jul-2013,20.6,20.6,20.52,20.58,13500
BSCJ,03-Jul-2013,20.36,20.41,20.35,20.35,8100
BSCK,03-Jul-2013,20.26,20.37,20.26,20.36,3200
BSJH,03-Jul-2013,26.19,26.24,26.13,26.23,19800
BSJI,03-Jul-2013,25.99,26.01,25.96,26,27200
BSV,03-Jul-2013,80.06,80.07,80,80.01,573000
BTAL,03-Jul-2013,21.07,21.07,21,21.04,500
BTG,03-Jul-2013,2.19,2.25,2.19,2.23,443600
BTN,03-Jul-2013,4.23,4.27,4.23,4.23,11100
BTX,03-Jul-2013,4.07,4.1,3.97,4.03,66300
BVX,03-Jul-2013,2.99,2.99,2.8,2.8,11500
BWL.A,03-Jul-2013,13.5,13.5,13.5,13.5,0
BWV,03-Jul-2013,55.42,55.42,55.42,55.42,0
BWX,03-Jul-2013,28.035,28.155,28.025,28.085,156300
BWZ,03-Jul-2013,34.66,34.79,34.65,34.67,42800
BZF,03-Jul-2013,17.4,17.44,17.4,17.41,7600
BZM,03-Jul-2013,14.52,14.52,14.17,14.23,2300
BZQ,03-Jul-2013,51.375,51.79,50.02,50.795,12400
CAFE,03-Jul-2013,17.25,17.25,17.25,17.25,0
CANE,03-Jul-2013,14.62,14.62,14.62,14.62,0
CAPE,03-Jul-2013,57.9,57.9,57.58,57.87,700
CAW,03-Jul-2013,3.44,3.5,3.44,3.49,5600
CBND,03-Jul-2013,31.25,31.25,31.12,31.2,12400
CCA,03-Jul-2013,10.64,10.67,10.59,10.67,900
CCF,03-Jul-2013,21.36,21.61,21.36,21.51,3500
CEF,03-Jul-2013,13.71,13.97,13.7,13.83,660500
CEMB,03-Jul-2013,49.2,49.61,49.2,49.35,2500
CET,03-Jul-2013,21.2,21.28,21.13,21.23,9200
CEV,03-Jul-2013,12.15,12.15,12.02,12.09,5500
CEW,03-Jul-2013,20.04,20.1,20.03,20.09,26400
CGW,03-Jul-2013,23.38,23.57,23.33,23.51,9600
CH,03-Jul-2013,13.01,13.01,12.86,12.87,11900
CHEP,03-Jul-2013,26.97,26.97,26.64,26.68,2800
CHIE,03-Jul-2013,13,13,13,13,800
CHII,03-Jul-2013,9.5,9.68,9.5,9.68,600
CHIM,03-Jul-2013,13.13,13.13,13.13,13.13,200
CHIQ,03-Jul-2013,13.17,13.36,13.14,13.25,117600
CHIX,03-Jul-2013,10.92,11.02,10.89,11.02,61700
CHOC,03-Jul-2013,33.15,33.15,33.05,33.05,1100
CIK,03-Jul-2013,3.76,3.76,3.73,3.73,82400
CIX,03-Jul-2013,13.66,13.97,13.3,13.45,9600
CKX,03-Jul-2013,14.75,14.75,14.75,14.75,0
CLM,03-Jul-2013,29.76,29.84,29.56,29.72,82000
CLY,03-Jul-2013,56.2,56.57,56.15,56.18,88500
CMBS,03-Jul-2013,51.02,51.09,51,51.09,700
CMF,03-Jul-2013,109.6,109.6,108.56,108.56,5900
CMT,03-Jul-2013,8.86,8.89,8.75,8.75,1100
CNDA,03-Jul-2013,19.62,19.62,19.62,19.62,100
CNY,03-Jul-2013,41.63,41.91,41.63,41.91,1100
COPX,03-Jul-2013,25.77,25.89,25.53,25.89,9000
CORN,03-Jul-2013,38.35,38.45,37.89,38.17,42000
CORP,03-Jul-2013,102.44,102.44,101.77,101.77,3000
COW,03-Jul-2013,26.91,27.1,26.91,27.02,14400
CPER,03-Jul-2013,21.67,21.67,21.66,21.66,600
CPHI,03-Jul-2013,0.2,0.21,0.2,0.21,3900
CPI,03-Jul-2013,25.73,25.75,25.45,25.75,2300
CQP,03-Jul-2013,29.98,30.09,29.14,29.56,137600
CQQQ,03-Jul-2013,24.84,25.33,24.84,25.21,6200
CRF,03-Jul-2013,28.04,28.16,27.88,27.88,50300
CRMD,03-Jul-2013,1.01,1.27,0.99,1.25,106400
CROC,03-Jul-2013,47.48,47.55,47.16,47.18,34400
CROP,03-Jul-2013,25.54,25.69,25.48,25.64,6100
CRVP,03-Jul-2013,0.86,0.86,0.86,0.86,200
CSD,03-Jul-2013,37.02,37.24,36.76,36.93,89400
CSM,03-Jul-2013,37.87,38.2,37.865,38.04,41300
CTNN,03-Jul-2013,32.62,32.62,32.62,32.62,0
CTO,03-Jul-2013,37.36,38.11,37.36,37.61,6600
CUO,03-Jul-2013,15.48,15.53,15.48,15.5,1400
CUPM,03-Jul-2013,35.31,35.31,35.31,35.31,100
CURE,03-Jul-2013,11,11.2,10.87,11.2,15200
CUT,03-Jul-2013,21.55,21.69,21.54,21.66,14800
CVM,03-Jul-2013,52.5,52.5,52.5,52.5,448300
CVR,03-Jul-2013,26.8,26.8,26.8,26.8,200
CVU,03-Jul-2013,10.6,10.75,10.6,10.75,28200
CVY,03-Jul-2013,22.96,22.98,22.86,22.95,158900
CWB,03-Jul-2013,42.62,42.75,42.53,42.74,393500
CWI,03-Jul-2013,30.99,31.23,30.96,31.17,59600
CYB,03-Jul-2013,26.02,26.05,25.97,26.01,18200
CZA,03-Jul-2013,39.72,39.84,39.54,39.84,2200
DAG,03-Jul-2013,8.8,8.9,8.73,8.85,12900
DBA,03-Jul-2013,24.87,24.96,24.86,24.9,387600
DBB,03-Jul-2013,16.58,16.58,16.43,16.46,1176100
DBBR,03-Jul-2013,16.1,16.1,16.1,16.1,0
DBC,03-Jul-2013,25.6,25.66,25.55,25.62,1383200
DBE,03-Jul-2013,27.93,28.13,27.85,28.1,30900
DBEF,03-Jul-2013,23.95,24.04,23.78,23.97,4500
DBEM,03-Jul-2013,20.11,20.14,19.91,19.98,7500
DBGR,03-Jul-2013,21.41,21.41,21.41,21.41,0
DBJP,03-Jul-2013,34.42,34.61,34,34.5,13500
DBO,03-Jul-2013,26.66,26.73,25.71,25.71,203100
DBP,03-Jul-2013,40.71,41.23,40.71,40.88,48100
DBS,03-Jul-2013,32.95,33.28,32.95,33.11,4800
DBV,03-Jul-2013,25.35,25.43,25.14,25.4,78000
DCNG,03-Jul-2013,28.09,28.47,28.09,28.47,400
DDG,03-Jul-2013,28.45,28.45,28.45,28.45,300
DDM,03-Jul-2013,45.87,46.85,45.785,46.575,147900
DDP,03-Jul-2013,13.6,28.7,13.6,28,3700
DEE,03-Jul-2013,30.29,30.31,30.29,30.31,200
DEF,03-Jul-2013,32.42,32.55,32.37,32.49,17900
DEM,03-Jul-2013,47.5,47.78,47.18,47.48,591300
DES,03-Jul-2013,59,59.41,58.88,59.32,45200
DEW,03-Jul-2013,41.68,41.99,41.65,41.78,2300
DFE,03-Jul-2013,42.59,42.84,42.5,42.75,3300
DFJ,03-Jul-2013,47.73,48.08,47.62,47.87,32700
DGAZ,03-Jul-2013,14.57,14.7,13.71,14.07,434700
DGL,03-Jul-2013,42.24,42.57,42.17,42.21,49800
DGP,03-Jul-2013,27.67,28.16,27.64,27.69,211200
DGS,03-Jul-2013,45.14,45.58,45.1,45.32,242900
DGSE,03-Jul-2013,2.81,2.83,2.67,2.75,30200
DGT,03-Jul-2013,58.67,58.67,58.67,58.67,0
DGZ,03-Jul-2013,15.41,15.41,15.28,15.41,104000
DHS,03-Jul-2013,51.64,51.88,51.43,51.77,27600
DHY,03-Jul-2013,3.07,3.09,3.06,3.07,148000
DIA,03-Jul-2013,148.42,149.98,148.25,149.54,2599100
DIG,03-Jul-2013,55.05,55.4,54.45,55.29,68700
DIM,03-Jul-2013,50.07,50.5,50.07,50.39,3000
DIRT,03-Jul-2013,43.7,43.7,43.7,43.7,0
DIT,03-Jul-2013,77.58,79.48,77.58,79.48,500
DIV,03-Jul-2013,24.88,25.02,24.77,24.9,9800
DJCI,03-Jul-2013,23.58,23.58,23.57,23.57,700
DJP,03-Jul-2013,37.09,37.17,37.05,37.14,183400
DLA,03-Jul-2013,15.8,16.11,15.58,16.11,3600
DLN,03-Jul-2013,59.88,60.23,59.7,60.1,55000
DLS,03-Jul-2013,52.21,52.88,52.21,52.77,8600
DMF,03-Jul-2013,9.22,9.23,9.12,9.14,20600
DNL,03-Jul-2013,47.26,47.59,47.09,47.59,4100
DNN,03-Jul-2013,1.18,1.19,1.17,1.19,173200
DNO,03-Jul-2013,34.35,35.79,34.16,34.45,76300
DOD,03-Jul-2013,12.54,12.6,12.51,12.6,7300
DOG,03-Jul-2013,29.68,29.7,29.37,29.44,161600
DOL,03-Jul-2013,43.94,44.1,43.63,43.98,19600
DON,03-Jul-2013,65.72,66.02,65.57,65.99,78900
DOO,03-Jul-2013,39.69,40.05,39.51,39.95,17000
DPK,03-Jul-2013,58,58.24,56.32,56.76,38800
DPW,03-Jul-2013,0.6,0.6,0.6,0.6,100
DRN,03-Jul-2013,11.4425,11.4425,10.905,11.265,308300
DRR,03-Jul-2013,44.33,44.33,43.67,43.67,4300
DRV,03-Jul-2013,61.88,64,61.44,62.12,186700
DRW,03-Jul-2013,26.69,27.06,26.68,26.97,48400
DSI,03-Jul-2013,60.48,60.8,60.34,60.68,6500
DSS,03-Jul-2013,7,7.4,6.92,7.28,509700
DSUM,03-Jul-2013,24.64,24.72,24.58,24.59,22900
DTD,03-Jul-2013,60.25,60.54,60.24,60.47,8300
DTH,03-Jul-2013,39.58,39.89,39.43,39.89,2400
DTN,03-Jul-2013,62.16,62.46,62,62.32,59000
DTO,03-Jul-2013,36.3,37.05,35.75,36.5,781800
DUG,03-Jul-2013,65.05,65.9,64.67,64.8,66400
DUST,03-Jul-2013,6204.5,6450,5957,6074,550300
DVYA,03-Jul-2013,52.18,52.18,51.75,52.07,2000
DVYE,03-Jul-2013,46.8,47.11,46.62,46.97,18800
DVYL,03-Jul-2013,33.9,33.9,33.9,33.9,100
DWM,03-Jul-2013,45.59,46.11,45.59,46.07,8300
DWX,03-Jul-2013,43.16,43.51,43,43.42,173300
DXD,03-Jul-2013,35.46,35.56,34.74,34.95,584400
DXJ,03-Jul-2013,46.42,47.08,46.39,46.94,3427000
DXR,03-Jul-2013,7.35,7.37,7.35,7.37,600
DYY,03-Jul-2013,7.4,7.4,7.37,7.37,700
DZK,03-Jul-2013,46.36,47.64,46.24,47.35,2500
DZZ,03-Jul-2013,7.49,7.51,7.34,7.48,451500
EAD,03-Jul-2013,9.21,9.27,9.02,9.13,220600
EBND,03-Jul-2013,29.5,29.81,29.5,29.78,289500
ECF,03-Jul-2013,7.58,7.64,7.55,7.62,11400
ECH,03-Jul-2013,52,52.06,51.32,51.86,257300
ECNS,03-Jul-2013,39.57,40.29,39.57,40.21,10600
ECON,03-Jul-2013,25.32,25.51,25.18,25.38,118200
EDC,03-Jul-2013,85.8,89.4,85.52,87.08,411600
EDEN,03-Jul-2013,34.5,34.53,34.5,34.53,5100
EDIV,03-Jul-2013,37.75,38,37.57,37.83,100400
EDV,03-Jul-2013,101.45,101.71,101.03,101.03,5300
EDZ,03-Jul-2013,65.24,65.5,62.71,64.22,343000
EEB,03-Jul-2013,29.64,30.09,29.64,29.87,14500
EEH,03-Jul-2013,11.88,11.88,11.88,11.88,0
EELV,03-Jul-2013,26.58,26.79,26.51,26.63,49100
EEM,03-Jul-2013,37.4,37.91,37.36,37.58,51570700
EEMS,03-Jul-2013,44.73,44.89,43.82,44.77,1600
EEMV,03-Jul-2013,56.39,56.8,56.15,56.49,160800
EES,03-Jul-2013,22.6367,22.7933,22.5833,22.69,25900
EET,03-Jul-2013,61.29,62.95,61.05,62.01,12400
EEV,03-Jul-2013,27.5,27.54,26.76,27.23,215400
EFA,03-Jul-2013,57.11,57.68,57.02,57.57,11755400
EFAV,03-Jul-2013,57.2,57.59,57.06,57.45,73700
EFG,03-Jul-2013,61.75,62.32,61.63,62.19,41300
EFNL,03-Jul-2013,25.57,25.8,25.56,25.8,11900
EFO,03-Jul-2013,83.9,83.9,83.9,83.9,0
EFU,03-Jul-2013,60.46,60.46,59.5,59.5,1100
EFV,03-Jul-2013,48.16,48.62,48.07,48.47,61300
EFZ,03-Jul-2013,39.75,39.9,39.49,39.57,55000
EGI,03-Jul-2013,0.35,0.35,0.35,0.35,1000
EGPT,03-Jul-2013,40.26,42.35,40,42.05,171000
EIA,03-Jul-2013,11.38,11.5,11.19,11.3,8600
EIDO,03-Jul-2013,29.72,30.22,29.36,29.87,273100
EIM,03-Jul-2013,11.81,11.81,11.53,11.66,390900
EIO,03-Jul-2013,12.69,12.69,12.46,12.46,3700
EIP,03-Jul-2013,12.76,12.78,12.05,12.2,16200
EIRL,03-Jul-2013,28.59,28.71,28.44,28.71,16900
EIS,03-Jul-2013,43,43.1,42.9,43.1,17500
EIV,03-Jul-2013,11.43,11.43,11.15,11.21,19500
ELD,03-Jul-2013,47.45,47.65,47.39,47.6,255500
ELLO,03-Jul-2013,7.78,7.78,7.78,7.78,500
ELMD,03-Jul-2013,1.29,1.29,1.29,1.29,0
EMAN,03-Jul-2013,3.5,3.55,3.42,3.47,12600
EMHY,03-Jul-2013,48.72,50.24,48.72,49.74,28500
EMI,03-Jul-2013,12.31,12.31,12.31,12.31,500
EMJ,03-Jul-2013,12.68,12.7,12.46,12.46,4700
EMLC,03-Jul-2013,24.23,24.4,24.22,24.26,252900
EMLP,03-Jul-2013,23.2,23.2,22.94,23.09,74700
ENOR,03-Jul-2013,26.94,27.06,26.93,27.06,3400
ENX,03-Jul-2013,12.18,12.18,12.03,12.11,18200
ENY,03-Jul-2013,13.53,13.59,13.52,13.52,4400
EPHE,03-Jul-2013,35.13,35.5,34.83,35.11,198800
EPI,03-Jul-2013,15.94,16.06,15.86,15.97,1769400
EPM,03-Jul-2013,10.85,10.97,10.68,10.77,37100
EPOL,03-Jul-2013,24.58,24.9,24.47,24.79,75400
EPP,03-Jul-2013,42.13,42.63,42.13,42.49,974700
EPS,03-Jul-2013,56.44,56.44,56.32,56.32,500
EPU,03-Jul-2013,33.58,33.99,33.18,33.4,52700
EPV,03-Jul-2013,96.84,96.92,94.8,95.12,93400
EQL,03-Jul-2013,45.12,45.12,44.62,44.84,5600
ERC,03-Jul-2013,14.32,14.45,14.24,14.39,179600
ERH,03-Jul-2013,12.2,12.23,12,12.18,14800
ERO,03-Jul-2013,50,50,50,50,0
ERUS,03-Jul-2013,38.2,38.72,38.2,38.54,169600
ERX,03-Jul-2013,63.99,64.4,62.65,64.29,406600
ERY,03-Jul-2013,30.87,31.41,30.55,30.68,207000
ESP,03-Jul-2013,25.92,25.92,25.92,25.92,100
EUFX,03-Jul-2013,37.94,37.94,37.94,37.94,300
EUM,03-Jul-2013,30.57,30.6,30.15,30.32,760500
EUO,03-Jul-2013,19.45,19.45,19.25,19.29,877000
EUSA,03-Jul-2013,34.51,34.67,34.46,34.67,900
EVBN,03-Jul-2013,17.57,17.57,17.57,17.57,0
EVI,03-Jul-2013,1.85,1.85,1.8,1.8,700
EVJ,03-Jul-2013,12.79,12.79,12.51,12.57,6800
EVM,03-Jul-2013,10.92,10.92,10.74,10.81,29700
EVO,03-Jul-2013,13.1,13.11,12.68,12.69,15500
EVP,03-Jul-2013,12.3,12.39,11.94,12,7800
EVV,03-Jul-2013,15.4,15.54,15.25,15.3,331500
EVX,03-Jul-2013,55.83,55.83,55.83,55.83,100
EVY,03-Jul-2013,13.19,13.19,13.08,13.11,400
EWA,03-Jul-2013,22.02,22.28,22.02,22.2,951900
EWC,03-Jul-2013,26.13,26.2,26.07,26.11,1137100
EWD,03-Jul-2013,29.78,30.17,29.78,30.1,85500
EWEM,03-Jul-2013,30.65,30.65,30.65,30.65,0
EWG,03-Jul-2013,24.18,24.45,24.13,24.39,1574200
EWGS,03-Jul-2013,32.2,32.2,32.2,32.2,0
EWH,03-Jul-2013,18.13,18.24,18.07,18.15,1220100
EWI,03-Jul-2013,23.34,23.68,23.32,23.62,819900
EWJ,03-Jul-2013,45.48,45.96,45.4,45.8,20151900
EWK,03-Jul-2013,13.41,13.52,13.37,13.5,13700
EWL,03-Jul-2013,28.45,28.78,28.42,28.75,266700
EWM,03-Jul-2013,61.72,62.32,61.56,61.92,1120400
EWN,03-Jul-2013,20.79,20.99,20.76,20.97,171100
EWO,03-Jul-2013,16.11,16.21,16.1,16.19,7500
EWP,03-Jul-2013,27.68,27.97,27.57,27.9,205000
EWQ,03-Jul-2013,23,23.25,22.96,23.2,374700
EWS,03-Jul-2013,25.1,25.32,25.08,25.24,2001000
EWT,03-Jul-2013,26.28,26.5,26.18,26.4,4711700
EWU,03-Jul-2013,35.36,35.66,35.26,35.6,850800
EWUS,03-Jul-2013,32.92,32.92,32.92,32.92,600
EWV,03-Jul-2013,77.52,77.52,76.04,76.44,46300
EWW,03-Jul-2013,64.19,65.52,64.19,64.97,3528500
EWX,03-Jul-2013,43.82,44.17,43.59,43.87,17100
EWY,03-Jul-2013,52.08,52.61,52,52.42,1660800
EWZ,03-Jul-2013,41.77,42.39,41.57,42.04,13509700
EXI,03-Jul-2013,58.93,59.2,58.93,59.2,3200
EXT,03-Jul-2013,57.79,58.24,57.78,58.22,1000
EZA,03-Jul-2013,57.13,57.32,56.71,56.89,250100
EZJ,03-Jul-2013,80.4,81.58,80.13,81.33,4700
EZM,03-Jul-2013,24.1167,24.2567,24.11,24.2067,5900
EZU,03-Jul-2013,32.06,32.4,31.99,32.37,924300
FAN,03-Jul-2013,8.28,8.35,8.22,8.33,17700
FAS,03-Jul-2013,15.865,16.1875,15.7525,16.14,4285000
FAUS,03-Jul-2013,28.25,28.25,28.25,28.25,0
FAX,03-Jul-2013,6.14,6.2,6.12,6.17,418900
FAZ,03-Jul-2013,33.69,33.9,33.02,33.19,5500300
FBT,03-Jul-2013,59.58,59.62,59.01,59.45,125500
FCG,03-Jul-2013,81,81.55,80.35,81.2,190700
FCO,03-Jul-2013,10.95,10.98,10.87,10.93,25800
FDD,03-Jul-2013,11.32,11.37,11.29,11.35,18500
FDL,03-Jul-2013,20.63,20.69,20.52,20.64,111700
FDM,03-Jul-2013,26.77,27.05,26.77,26.96,4800
FDN,03-Jul-2013,45.75,46.31,45.71,46.17,50900
FEEU,03-Jul-2013,83.59,84.87,83.44,84.87,2700
FEN,03-Jul-2013,33.85,33.92,33.16,33.36,96900
FEU,03-Jul-2013,32.65,32.92,32.6,32.92,18700
FEZ,03-Jul-2013,32.51,32.88,32.43,32.8,634800
FFR,03-Jul-2013,39.42,39.55,39.27,39.44,5500
FGD,03-Jul-2013,22.95,23.11,22.88,23.08,34500
FIGY,03-Jul-2013,87.4,88.65,87.23,88.31,12000
FILL,03-Jul-2013,23.38,23.38,23.38,23.38,0
FINU,03-Jul-2013,22.29,22.365,22.125,22.175,2600
FINZ,03-Jul-2013,111.96,111.96,111.96,111.96,0
FIW,03-Jul-2013,27.71,27.94,27.7,27.86,8200
FLM,03-Jul-2013,41.93,42.13,41.93,42.13,500
FLOT,03-Jul-2013,50.56,50.6,50.56,50.59,389100
FLRN,03-Jul-2013,30.83,30.84,30.63,30.77,31300
FLTR,03-Jul-2013,24.94,24.94,24.8,24.88,44200
FM,03-Jul-2013,29.43,29.65,29.24,29.34,75400
FNI,03-Jul-2013,20.86,20.9,20.86,20.87,1900
FOIL,03-Jul-2013,31.5,31.5,31.5,31.5,0
FPE,03-Jul-2013,19.23,19.48,19.21,19.37,21400
FPX,03-Jul-2013,36,36.25,35.95,36.2,16500
FRAK,03-Jul-2013,25.53,25.54,25.41,25.5,2200
FRD,03-Jul-2013,9.65,9.65,9.6,9.63,2300
FRI,03-Jul-2013,19.41,19.41,18.53,18.72,433500
FRN,03-Jul-2013,15.8,15.88,15.75,15.88,47600
FSI,03-Jul-2013,0.84,0.84,0.78,0.8,6700
FSP,03-Jul-2013,13.53,13.6,13.37,13.51,276600
FTF,03-Jul-2013,12.95,12.97,12.77,12.86,165400
FUD,03-Jul-2013,25.26,25.27,25.13,25.17,16100
FUE,03-Jul-2013,10.99,10.99,10.99,10.99,500
FVD,03-Jul-2013,19.44,19.52,19.36,19.49,81000
FVL,03-Jul-2013,15.32,15.41,15.32,15.41,900
FWDB,03-Jul-2013,25.1,25.1,25.1,25.1,0
FWDD,03-Jul-2013,32.5,32.5,32.5,32.5,0
FWDI,03-Jul-2013,23.85,24,23.81,23.87,1000
FXA,03-Jul-2013,90.66,90.97,90.63,90.83,146700
FXB,03-Jul-2013,150.59,151.01,150.59,150.78,14800
FXC,03-Jul-2013,94.2,94.57,94.18,94.54,63700
FXCH,03-Jul-2013,80,80,80,80,0
FXD,03-Jul-2013,27.44,27.52,27.23,27.46,170200
FXE,03-Jul-2013,128.4,129.05,128.39,128.88,343200
FXF,03-Jul-2013,103.37,103.92,103.33,103.73,30900
FXG,03-Jul-2013,31.06,31.09,30.9,30.98,138600
FXH,03-Jul-2013,39.85,39.85,39.53,39.68,147800
FXI,03-Jul-2013,31.58,31.99,31.44,31.73,14303100
FXL,03-Jul-2013,24.54,24.81,24.51,24.7,163200
FXN,03-Jul-2013,21.7,21.7,21.49,21.64,128800
FXO,03-Jul-2013,18.87,18.95,18.81,18.9,195000
FXP,03-Jul-2013,100.28,100.92,97.68,99.24,193100
FXR,03-Jul-2013,22.54,22.65,22.45,22.56,124500
FXS,03-Jul-2013,148.33,148.75,148.33,148.63,900
FXSG,03-Jul-2013,78.75,78.75,78.75,78.75,0
FXU,03-Jul-2013,19.39,19.47,19.32,19.41,171700
FXY,03-Jul-2013,98.15,98.46,97.73,97.8,413400
FXZ,03-Jul-2013,26.67,26.78,26.53,26.68,123600
GAL,03-Jul-2013,31.2,31.36,31.2,31.35,4700
GASL,03-Jul-2013,1997,2065,1986,2040,37400
GASX,03-Jul-2013,203.68,206.24,198.4,199.68,27700
GBB,03-Jul-2013,40.65,40.65,40.65,40.65,0
GBF,03-Jul-2013,109.95,110.69,109.84,109.99,2000
GBR,03-Jul-2013,1.1,1.15,1.1,1.11,4800
GCC,03-Jul-2013,26,26.11,26,26.06,24700
GCE,03-Jul-2013,16.99,16.99,16.73,16.73,2300
GDX,03-Jul-2013,24.02,24.33,23.76,24.18,21909100
GDXJ,03-Jul-2013,36.04,36.77,35.8,36.19,1159700
GEX,03-Jul-2013,46.22,46.41,46.1,46.29,3000
GGN,03-Jul-2013,9.82,9.89,9.75,9.83,329300
GGN-B,03-Jul-2013,22.2,22.2,22.19,22.19,1000
GHYG,03-Jul-2013,50.99,51.47,50.99,51,5000
GII,03-Jul-2013,40.27,40.44,39.98,40.44,1900
GLD,03-Jul-2013,120.69,121.77,120.54,120.74,6750200
GLL,03-Jul-2013,103.19,103.52,101.33,103.23,107400
GLO,03-Jul-2013,13,13.04,12.95,13.02,41200
GLOW,03-Jul-2013,0.73,0.76,0.65,0.75,37000
GLQ,03-Jul-2013,15.11,15.14,15.04,15.09,26300
GLTR,03-Jul-2013,67.49,68,67.48,67.48,20800
GLU,03-Jul-2013,18.65,18.8,18.65,18.76,9400
GLU-A,03-Jul-2013,51,51.05,50.95,50.95,6800
GLV,03-Jul-2013,15.17,15.21,14.88,15.17,109600
GMF,03-Jul-2013,70.7,71.14,70.25,70.9,18000
GMO,03-Jul-2013,1.81,1.84,1.79,1.82,43600
GNR,03-Jul-2013,44.55,44.83,44.46,44.77,29400
GORO,03-Jul-2013,8.55,8.84,8.55,8.7,103100
GOVT,03-Jul-2013,24.58,24.6,24.52,24.52,37200
GPL,03-Jul-2013,0.75,0.77,0.75,0.76,106600
GREK,03-Jul-2013,14.78,15.2,14.78,15.05,37100
GRES,03-Jul-2013,25.75,25.84,25.75,25.83,2200
GRF,03-Jul-2013,7.52,7.71,7.31,7.63,5700
GRI,03-Jul-2013,39.82,39.93,39.39,39.7,6900
GRN,03-Jul-2013,5.75,5.99,5.75,5.89,3600
GRU,03-Jul-2013,6.52,6.52,6.49,6.49,20000
GSB,03-Jul-2013,1.65,1.72,1.65,1.7,13800
GSC,03-Jul-2013,45.7,45.7,45.7,45.7,0
GSG,03-Jul-2013,31.62,31.74,31.58,31.7,127600
GSP,03-Jul-2013,32.11,32.24,32.11,32.22,79700
GSS,03-Jul-2013,0.47,0.47,0.44,0.46,1113500
GST,03-Jul-2013,2.94,3.09,2.92,2.98,1269600
GST-A,03-Jul-2013,24.11,24.89,24.11,24.65,7000
GSV,03-Jul-2013,0.68,0.71,0.62,0.71,48500
GSY,03-Jul-2013,50.05,50.08,50.05,50.08,31600
GTE,03-Jul-2013,5.99,6.08,5.97,6.08,219100
GUNR,03-Jul-2013,31.44,31.53,31.28,31.42,316200
GURU,03-Jul-2013,20.78,20.9,20.73,20.84,20400
GV,03-Jul-2013,2.32,2.36,2.21,2.24,58100
GVI,03-Jul-2013,109.88,109.88,109.69,109.69,91700
GVP,03-Jul-2013,1.48,1.53,1.48,1.51,17600
GWX,03-Jul-2013,28.99,29.23,28.93,29.13,46600
GXC,03-Jul-2013,62.41,63.12,62.13,62.68,187700
GXF,03-Jul-2013,20.06,20.32,20.06,20.32,19500
GXG,03-Jul-2013,18.13,18.27,18.06,18.16,145400
GYLD,03-Jul-2013,25.85,25.85,25.44,25.47,25700
HAO,03-Jul-2013,21.79,22.05,21.72,21.94,63000
HAP,03-Jul-2013,33.65,33.82,33.57,33.75,4100
HDG,03-Jul-2013,40.01,40.12,40.01,40.11,7000
HDGE,03-Jul-2013,16.34,16.34,16.12,16.16,111900
HDV,03-Jul-2013,66.28,66.69,66.06,66.49,177200
HEB,03-Jul-2013,2.88,2.88,2.76,2.88,232400
HECO,03-Jul-2013,29.96,29.96,29.96,29.96,0
HEDJ,03-Jul-2013,47.82,48.17,47.65,48.04,42400
HGI,03-Jul-2013,16.17,16.25,16.15,16.25,42600
HILO,03-Jul-2013,17.9,18.05,17.9,17.97,39200
HLM.P,03-Jul-2013,29.78,29.8,29.76,29.76,1200
HMG,03-Jul-2013,17.84,17.84,17.84,17.84,0
HNW,03-Jul-2013,20.25,20.29,20.05,20.12,15900
HSPX,03-Jul-2013,40.55,40.67,39.75,40.66,16400
HTM,03-Jul-2013,2.22,2.22,2.16,2.22,37200
HUSA,03-Jul-2013,0.26,0.29,0.26,0.28,60000
HUSE,03-Jul-2013,30.01,30.01,30.01,30.01,200
HYD,03-Jul-2013,30.12,30.5,30.03,30.18,376600
HYEM,03-Jul-2013,25.04,25.11,24.95,24.95,47600
HYG,03-Jul-2013,90.48,90.86,90.28,90.82,1679600
HYHG,03-Jul-2013,78.2,78.2,78.2,78.2,1500
HYLD,03-Jul-2013,50.38,50.45,50.14,50.39,7500
HYMB,03-Jul-2013,52.81,53.67,52.81,53.49,66100
HYS,03-Jul-2013,103.07,103.2,102.96,103.11,160900
HYXU,03-Jul-2013,52.45,52.53,52.45,52.45,2500
IAF,03-Jul-2013,9.47,9.56,9.45,9.5,49000
IAI,03-Jul-2013,30.74,30.95,30.68,30.86,42900
IAK,03-Jul-2013,40.84,40.89,40.34,40.79,9100
IAT,03-Jul-2013,29.72,29.95,29.67,29.88,1111900
IAU,03-Jul-2013,12.12,12.23,12.11,12.14,5379500
IBCC,03-Jul-2013,24.2725,24.2725,24.2725,24.2725,0
IBCD,03-Jul-2013,23.955,23.955,23.955,23.955,0
IBCE,03-Jul-2013,23.315,23.315,23.28,23.28,200
IBIO,03-Jul-2013,0.47,0.47,0.45,0.46,35000
IBND,03-Jul-2013,34.3,34.51,34.3,34.46,14200
IBO,03-Jul-2013,2.1,2.1,2.1,2.1,10000
ICF,03-Jul-2013,81.3,81.4,79.88,80.72,296700
ICI,03-Jul-2013,43.27,43.28,42.86,42.86,2200
ICOL,03-Jul-2013,24.35,26.3,24.35,26.3,2000
IDHQ,03-Jul-2013,17.72,17.76,17.72,17.72,900
IDLV,03-Jul-2013,28.52,28.68,28.47,28.67,22600
IDN,03-Jul-2013,2.72,2.72,2.56,2.64,32700
IDOG,03-Jul-2013,24.94,25.12,24.89,25.03,2300
IDU,03-Jul-2013,93.02,93.48,92.74,93.24,119600
IDV,03-Jul-2013,31.52,31.83,31.5,31.77,358000
IDX,03-Jul-2013,27.76,28.22,27.5,27.86,168800
IEC,03-Jul-2013,3.34,3.34,3.16,3.21,23600
IEFA,03-Jul-2013,51.46,51.88,51.36,51.78,157000
IEMG,03-Jul-2013,44.98,45.34,44.8,45.11,263700
IEO,03-Jul-2013,71.94,72.21,71.37,72.21,91900
IEV,03-Jul-2013,38.5,38.91,38.46,38.85,104400
IEZ,03-Jul-2013,57.51,57.72,57.19,57.58,19900
IF,03-Jul-2013,11.28,11.44,11.28,11.44,14700
IGC,03-Jul-2013,1.55,1.56,1.49,1.53,8500
IGE,03-Jul-2013,38.5,38.67,38.34,38.64,86600
IGEM,03-Jul-2013,18.82,18.82,18.82,18.82,0
IGM,03-Jul-2013,74.43,75.4,74.43,75.09,7200
IGN,03-Jul-2013,28.48,28.69,28.39,28.62,8800
IGV,03-Jul-2013,67.7,68.8,67.7,68.5,6600
IHE,03-Jul-2013,99.96,100.08,99.04,99.72,10600
IHF,03-Jul-2013,83.39,83.62,82.96,83.47,131700
IHI,03-Jul-2013,78.57,78.87,78.35,78.47,33500
IHT,03-Jul-2013,1.77,1.77,1.77,1.77,0
IHY,03-Jul-2013,25.74,25.8,25.67,25.77,42300
IJH,03-Jul-2013,116.37,117.16,116.15,116.83,581800
IJJ,03-Jul-2013,102.06,102.56,101.79,102.33,95600
IJK,03-Jul-2013,129.41,130.49,129.2,130.14,58000
IJR,03-Jul-2013,45.74,46.115,45.665,45.925,700200
IJS,03-Jul-2013,94.31,95.3,94.29,95.02,113700
ILF,03-Jul-2013,35.44,35.82,35.25,35.55,499100
ILTB,03-Jul-2013,57.42,57.42,56.88,57.07,2600
IMH,03-Jul-2013,9.91,10.11,9.8,10.01,36200
IMLP,03-Jul-2013,28.2,28.32,28.15,28.31,3000
IMO,03-Jul-2013,39.03,39.2,38.9,39.08,190300
IMUC,03-Jul-2013,1.99,2.06,1.95,2.04,189100
INCO,03-Jul-2013,21.52,21.52,21.52,21.52,0
INDA,03-Jul-2013,22.98,23.23,22.86,23.1,705200
INDL,03-Jul-2013,51.12,51.36,49.92,50.12,55900
INFU,03-Jul-2013,1.53,1.55,1.53,1.55,400
INKM,03-Jul-2013,29.85,29.95,29.8,29.86,1900
INP,03-Jul-2013,52.43,53.39,52.43,53.36,25700
INR,03-Jul-2013,35.11,35.3,35.11,35.3,600
INS,03-Jul-2013,1.22,1.22,1.22,1.22,0
INUV,03-Jul-2013,0.75,0.78,0.74,0.78,11400
INXX,03-Jul-2013,11,11.04,10.93,10.99,7400
IOIL,03-Jul-2013,18.42,18.42,18.42,18.42,0
IOO,03-Jul-2013,67.4,67.89,67.14,67.74,24400
IPB,03-Jul-2013,24.8,24.84,24.5,24.5,6400
IPE,03-Jul-2013,55.97,56.03,55.77,55.77,22000
IPFF,03-Jul-2013,23.98,24.19,23.83,24.14,9700
IQDE,03-Jul-2013,23.7,23.7,23.7,23.7,100
IQDF,03-Jul-2013,23.84,24.02,23.82,23.96,18500
IQDY,03-Jul-2013,23.25,23.25,23.25,23.25,0
ISL,03-Jul-2013,14.3,14.31,14.26,14.26,3500
ISR,03-Jul-2013,0.54,0.55,0.52,0.53,11400
ISRA,03-Jul-2013,25.5,25.64,25.45,25.59,172400
ITA,03-Jul-2013,81.29,82.2,81.13,82.04,12400
ITB,03-Jul-2013,22.35,22.48,22.01,22.42,1468300
ITE,03-Jul-2013,59.63,59.65,59.55,59.55,1600
ITM,03-Jul-2013,21.95,22.28,21.95,22.26,299500
ITOT,03-Jul-2013,36.825,36.98,36.67,36.885,79100
IVE,03-Jul-2013,75.84,76.26,75.64,76.06,677600
IVOG,03-Jul-2013,79.57,79.98,79.5,79.98,9900
IVOO,03-Jul-2013,78.41,78.81,78.32,78.75,6300
IVOV,03-Jul-2013,76.86,76.86,76.71,76.74,1100
IVV,03-Jul-2013,161.3,162.59,161.07,162.12,3214200
IVW,03-Jul-2013,84.37,85.12,84.29,84.84,200200
IWB,03-Jul-2013,89.28,89.94,89.08,89.71,192500
IWC,03-Jul-2013,62.27,62.66,61.97,62.54,57500
IWD,03-Jul-2013,83.32,83.77,83.1,83.67,701700
IWF,03-Jul-2013,72.78,73.48,72.67,73.25,549200
IWL,03-Jul-2013,36.43,36.53,36.43,36.53,1000
IWM,03-Jul-2013,97.73,98.64,97.59,98.28,19162100
IWN,03-Jul-2013,85.98,86.93,85.94,86.58,761400
IWO,03-Jul-2013,112.81,113.71,112.53,113.34,408300
IWP,03-Jul-2013,72.03,72.61,71.98,72.43,133200
IWR,03-Jul-2013,129.9,130.71,129.74,130.41,94800
IWS,03-Jul-2013,57.76,58.04,57.62,57.91,150800
IWV,03-Jul-2013,95.74,96.39,95.53,96.14,105800
IWX,03-Jul-2013,35.7,35.88,35.63,35.81,21000
IWY,03-Jul-2013,38.05,38.47,38.05,38.35,18200
IXC,03-Jul-2013,38.44,38.57,38.27,38.51,90000
IXG,03-Jul-2013,48.11,48.59,48.05,48.49,76300
IXJ,03-Jul-2013,74.25,74.82,74,74.56,30400
IXN,03-Jul-2013,70.19,71.01,70.05,70.77,14700
IXP,03-Jul-2013,59.16,59.56,58.98,59.43,24300
IYC,03-Jul-2013,103.18,103.95,102.76,103.79,33900
IYE,03-Jul-2013,44.95,45.1,44.68,45.05,224600
IYF,03-Jul-2013,71.76,71.93,71.4,71.83,66300
IYG,03-Jul-2013,71.55,72.09,71.35,71.94,88100
IYH,03-Jul-2013,100.01,100.65,99.75,100.31,17400
IYJ,03-Jul-2013,82.8,83.47,82.74,83.21,136400
IYK,03-Jul-2013,87.23,87.53,86.91,87.39,5000
IYLD,03-Jul-2013,25.49,25.49,24.89,24.96,5200
IYM,03-Jul-2013,67.28,67.46,67,67.36,77000
IYR,03-Jul-2013,66.75,67,65.67,66.56,8076400
IYT,03-Jul-2013,109.63,110.62,109.63,110.18,361600
IYW,03-Jul-2013,74,74.92,74,74.57,543300
IYY,03-Jul-2013,81,81.57,80.91,81.37,14600
IYZ,03-Jul-2013,25.62,25.99,25.62,25.96,352600
JEM,03-Jul-2013,40.4,40.4,40.38,40.38,200
JJA,03-Jul-2013,50.56,50.56,50.26,50.33,9100
JJC,03-Jul-2013,38.72,39.01,38.72,38.99,22000
JJE,03-Jul-2013,17.29,17.29,17.21,17.29,400
JJG,03-Jul-2013,48.52,49.25,48.07,48.33,19400
JJM,03-Jul-2013,29.32,29.32,29,29.03,2700
JJN,03-Jul-2013,18.03,18.03,18.03,18.03,100
JJP,03-Jul-2013,62.92,62.94,62.87,62.87,2600
JJS,03-Jul-2013,46.39,46.39,46.39,46.39,400
JJT,03-Jul-2013,44.05,44.05,44.05,44.05,0
JJU,03-Jul-2013,20.2,20.2,20.2,20.2,0
JKD,03-Jul-2013,95.86,96.52,95.71,96.29,13400
JKE,03-Jul-2013,82.83,83.54,82.83,83.42,9200
JKF,03-Jul-2013,72.63,73.06,72.5,72.95,10400
JKG,03-Jul-2013,111.76,112.1,111.56,111.88,2200
JKH,03-Jul-2013,121.79,122.44,121.79,122.28,1400
JKJ,03-Jul-2013,111.42,111.92,111.14,111.73,3300
JKK,03-Jul-2013,109.54,109.87,109.28,109.84,2000
JKL,03-Jul-2013,103.77,104.6,103.77,104.49,4700
JNK,03-Jul-2013,39.34,39.5,39.25,39.5,1967900
JO,03-Jul-2013,25.29,25.79,25.22,25.48,34200
JOB,03-Jul-2013,3,3,3,3,0
JPNL,03-Jul-2013,45.1,46.34,45.07,46,6400
JXI,03-Jul-2013,41.32,41.57,41.19,41.48,19100
JYN,03-Jul-2013,57.83,57.83,57.83,57.83,100
KBE,03-Jul-2013,29.14,29.39,29.01,29.33,1110100
KCE,03-Jul-2013,39.95,40.12,39.85,39.97,6800
KIE,03-Jul-2013,54.27,54.27,53.65,53.97,31600
KNOW,03-Jul-2013,24.975,24.975,24.975,24.975,3600
KOL,03-Jul-2013,17.23,17.34,17.2,17.25,69800
KOLD,03-Jul-2013,29.01,29.0833,27.9233,28.46,8700
KORU,03-Jul-2013,30.92,31.5,30.91,31.34,1100
KRE,03-Jul-2013,34.72,35.04,34.6,34.95,1409800
KROO,03-Jul-2013,16.53,16.63,16.49,16.63,2000
KXI,03-Jul-2013,79.8,80.08,79.39,79.96,12000
LAQ,03-Jul-2013,30.18,30.7,30.18,30.45,23900
LBJ,03-Jul-2013,77.32,80.8,77.32,79.6,9000
LBY,03-Jul-2013,24.41,24.71,24.27,24.6,40400
LD,03-Jul-2013,48.76,48.81,48.76,48.81,400
LEMB,03-Jul-2013,49.41,49.42,49.01,49.29,65600
LGL,03-Jul-2013,6.7,6.7,6.7,6.7,1000
LGLV,03-Jul-2013,62.67,63.03,62.64,62.89,1900
LIT,03-Jul-2013,22.8,23.06,22.8,22.9,7500
LNG,03-Jul-2013,28.35,28.54,28.02,28.15,1352200
LODE,03-Jul-2013,1.7,1.79,1.67,1.79,56500
LOV,03-Jul-2013,8.33,8.48,8.33,8.38,31800
LQD,03-Jul-2013,113.9,114.08,113.57,113.61,2131900
LSTK,03-Jul-2013,41.3,41.3,41.3,41.3,0
LTL,03-Jul-2013,33.805,33.805,33.805,33.805,0
LTPZ,03-Jul-2013,61.49,61.74,61.17,61.17,6500
LTS,03-Jul-2013,1.68,1.7,1.66,1.69,66100
LTS-A,03-Jul-2013,25,25.05,24.97,25,15900
LVL,03-Jul-2013,12.06,12.08,12,12.05,24900
MAB,03-Jul-2013,13.35,13.37,13.07,13.37,3600
MATH,03-Jul-2013,28.56,28.56,28.56,28.56,0
MBG,03-Jul-2013,26.54,26.55,26.54,26.55,1300
MCF,03-Jul-2013,34.49,34.85,34.4,34.73,25500
MCRO,03-Jul-2013,25.68,25.71,25.65,25.71,700
MDY,03-Jul-2013,212.23,213.59,211.8,212.98,1530400
MDYG,03-Jul-2013,96.17,97.04,96.17,96.82,3900
MDYV,03-Jul-2013,69.42,69.79,69.28,69.79,1000
MGC,03-Jul-2013,54.83,55.24,54.77,55.12,14200
MGK,03-Jul-2013,60.77,61.39,60.7,61.22,44000
MGV,03-Jul-2013,48.99,49.26,48.87,49.21,12400
MHE,03-Jul-2013,12.92,12.92,12.79,12.8,2700
MHH,03-Jul-2013,6.376,6.376,6.24,6.28,1200
MIDU,03-Jul-2013,13.865,14.11,13.74,14.025,22700
MIDZ,03-Jul-2013,120.04,120.4,117.92,118.52,4400
MINC,03-Jul-2013,49.06,49.17,49.05,49.12,10800
MINT,03-Jul-2013,101.3,101.31,101.24,101.28,144600
MIW,03-Jul-2013,12.45,12.46,12.31,12.31,4000
MLN,03-Jul-2013,18.06,18.24,18.05,18.24,24000
MLPA,03-Jul-2013,16.27,16.27,16.17,16.21,11800
MLPG,03-Jul-2013,35.9,36.02,35.85,36.02,3400
MLPI,03-Jul-2013,39.33,39.67,38.1,39.38,118800
MLPS,03-Jul-2013,13.14,13.14,13.02,13.02,200
MLPY,03-Jul-2013,17.95,17.97,17.64,17.7,18500
MMTM,03-Jul-2013,68.05,68.05,68.05,68.05,0
MMV,03-Jul-2013,13.22,13.3,12.96,12.97,7800
MNA,03-Jul-2013,26.12,26.16,26.12,26.16,500
MOAT,03-Jul-2013,24.25,24.47,24.21,24.4,62400
MOC,03-Jul-2013,1.55,1.55,1.52,1.52,15800
MOO,03-Jul-2013,50.76,51.28,50.73,51.26,78200
MORL,03-Jul-2013,21.47,21.47,20.65,20.98,270400
MORT,03-Jul-2013,23.73,23.98,23.67,23.84,21200
MRGR,03-Jul-2013,37.6,37.89,37.6,37.89,1000
MSN,03-Jul-2013,1.75,1.81,1.74,1.74,2000
MTUM,03-Jul-2013,51.21,51.43,51.21,51.43,600
MUB,03-Jul-2013,105.55,105.85,105.04,105.04,181700
MUNI,03-Jul-2013,51.95,52.07,51.87,51.93,116500
MVF,03-Jul-2013,10.11,10.12,9.93,9.95,103100
MVV,03-Jul-2013,48.155,48.7,47.98,48.48,20300
MXC,03-Jul-2013,5.85,5.86,5.7,5.86,9600
MXI,03-Jul-2013,52.76,53.2,52.7,53.09,8600
MYY,03-Jul-2013,21.63,21.66,21.54,21.58,13000
MZA,03-Jul-2013,13.64,13.64,13.31,13.53,13100
MZZ,03-Jul-2013,73.8,73.92,73.4,73.4,4600
NAK,03-Jul-2013,2.03,2.1,2.01,2.02,29400
NAVB,03-Jul-2013,2.75,2.8,2.72,2.76,195400
NBH,03-Jul-2013,14.43,14.47,14.14,14.14,56300
NBO,03-Jul-2013,13.74,13.74,13.74,13.74,600
NBW,03-Jul-2013,14.56,14.68,14.51,14.53,7200
NBY,03-Jul-2013,34,34,32.5,33,10300
NEN,03-Jul-2013,40.4,40.4,40.4,40.4,200
NFO,03-Jul-2013,40.28,40.51,40.04,40.44,16900
NG,03-Jul-2013,2.09,2.15,2.07,2.08,592500
NGD,03-Jul-2013,6.42,6.65,6.38,6.61,2062800
NGE,03-Jul-2013,14.39,14.39,14.31,14.37,3200
NHC,03-Jul-2013,47.53,47.83,47.31,47.44,5500
NHS,03-Jul-2013,12.94,13.02,12.84,13,31500
NIB,03-Jul-2013,29.74,29.95,29.7,29.92,6400
NINI,03-Jul-2013,25.47,25.47,25.47,25.47,0
NLR,03-Jul-2013,42.26,42.43,42.2,42.38,2300
NML,03-Jul-2013,19.85,19.89,19.13,19.3,73300
NOG,03-Jul-2013,13.65,13.75,13.25,13.68,235000
NORW,03-Jul-2013,14.43,14.51,14.43,14.5,12100
NRO,03-Jul-2013,4.83,4.86,4.78,4.82,95000
NSPR,03-Jul-2013,54.5,57.25,54,55.25,26200
NSU,03-Jul-2013,2.92,2.99,2.92,2.99,261700
NTN,03-Jul-2013,19,20,18.5,20,3100
NUGT,03-Jul-2013,442.4,459.2,428,452,16311700
NYF,03-Jul-2013,105.59,105.59,104.55,105,20000
NYH,03-Jul-2013,11.7,11.71,11.64,11.64,1700
OEF,03-Jul-2013,72.2,72.79,72.13,72.57,191300
OGEN,03-Jul-2013,3,3,2.99,3,2200
OIH,03-Jul-2013,43.35,43.59,43.13,43.48,1715700
OIL,03-Jul-2013,23.6,23.78,23.38,23.55,785100
OLEM,03-Jul-2013,40.5,40.5,40.5,40.5,100
OLO,03-Jul-2013,13,13,12.99,13,1700
ONP,03-Jul-2013,1.6,2.37,1.56,2.03,2296700
ORM,03-Jul-2013,9.3,9.35,9.03,9.11,3800
PAF,03-Jul-2013,49.44,49.45,49.44,49.45,800
PALL,03-Jul-2013,67.2,67.64,66.79,67.17,38400
PBD,03-Jul-2013,9.72,9.8,9.7,9.8,9900
PBE,03-Jul-2013,30.05,30.13,29.82,30.07,12600
PBJ,03-Jul-2013,24.77,24.77,24.64,24.68,31800
PBP,03-Jul-2013,20.15,20.3,20.15,20.3,12300
PBS,03-Jul-2013,21.18,21.45,21.1,21.4,351400
PBW,03-Jul-2013,5.42,5.45,5.39,5.41,317300
PCEF,03-Jul-2013,24.47,24.47,24.2,24.33,82500
PCG-A,03-Jul-2013,29.21,29.21,28.21,28.21,3200
PCG-B,03-Jul-2013,26.69,26.69,26.69,26.69,400
PCG-C,03-Jul-2013,24.98,24.98,24.98,24.98,0
PCG-D,03-Jul-2013,24.68,24.69,24.68,24.69,1000
PCG-E,03-Jul-2013,25.49,25.49,25.49,25.49,800
PCG-G,03-Jul-2013,24.32,24.32,24.32,24.32,0
PCG-H,03-Jul-2013,23.3,23.3,23.3,23.3,0
PCG-I,03-Jul-2013,23.94,23.94,23.94,23.94,0
PCY,03-Jul-2013,27.41,27.55,27.38,27.45,644600
PDN,03-Jul-2013,24.02,24.16,23.95,24.14,3500
PEJ,03-Jul-2013,28.47,28.69,28.41,28.6,6500
PEK,03-Jul-2013,29.79,30.51,29.7,29.71,23300
PEX,03-Jul-2013,40.78,40.78,40.78,40.78,1100
PFIG,03-Jul-2013,24.86,24.9,24.86,24.86,2900
PFXF,03-Jul-2013,19.77,19.77,19.61,19.66,7300
PGD,03-Jul-2013,50.55,50.55,50.55,50.55,0
PGF,03-Jul-2013,17.84,17.84,17.76,17.76,264500
PGHY,03-Jul-2013,24.59,24.69,24.55,24.55,2100
PGM,03-Jul-2013,30.28,30.3,30.12,30.12,1100
PGX,03-Jul-2013,14.25,14.28,14.2,14.24,771300
PHB,03-Jul-2013,18.7,18.78,18.61,18.76,1382700
PHDG,03-Jul-2013,27.99,27.99,26.99,27.09,66300
PHYS,03-Jul-2013,10.37,10.46,10.35,10.35,855900
PICB,03-Jul-2013,27.55,27.71,27.55,27.62,24300
PICK,03-Jul-2013,16.31,16.43,16.21,16.36,2900
PIN,03-Jul-2013,16.18,16.25,16.11,16.14,901100
PJP,03-Jul-2013,42.54,42.58,42.15,42.43,88500
PKB,03-Jul-2013,18.83,19.04,18.83,19.02,11500
PLG,03-Jul-2013,9,9.2,8.8,9.1,47000
PLM,03-Jul-2013,0.71,0.72,0.7,0.72,771700
PLND,03-Jul-2013,19.56,19.77,19.53,19.77,8400
PLX,03-Jul-2013,5.09,5.17,5.02,5.08,54900
PMR,03-Jul-2013,30.67,30.74,30.65,30.74,1600
PPA,03-Jul-2013,24.53,24.87,24.53,24.77,7100
PPLT,03-Jul-2013,133.58,133.62,131.33,131.41,25500
PRB,03-Jul-2013,24.28,24.4,24.28,24.4,2500
PRF,03-Jul-2013,72.14,72.61,71.95,72.48,151800
PRK,03-Jul-2013,71.08,71.88,70.83,71.83,9100
PSI,03-Jul-2013,15.88,15.88,15.88,15.88,100
PSJ,03-Jul-2013,29.8,30.2,29.8,30.09,2800
PSK,03-Jul-2013,43.42,43.49,43.3,43.33,7100
PSLV,03-Jul-2013,7.74,7.82,7.7,7.74,635700
PSP,03-Jul-2013,10.97,11.02,10.89,10.98,60900
PSQ,03-Jul-2013,91.36,91.36,90.24,90.64,788100
PSR,03-Jul-2013,59.64,59.64,59.45,59.45,300
PST,03-Jul-2013,29.45,29.58,29.32,29.58,90100
PTM,03-Jul-2013,15.37,15.41,15.14,15.15,4300
PTN,03-Jul-2013,0.62,0.63,0.59,0.61,57200
PUW,03-Jul-2013,27.06,27.19,26.99,27.19,1100
PVI,03-Jul-2013,25,25,24.98,24.98,27100
PW,03-Jul-2013,8.85,8.85,8.85,8.85,0
PWB,03-Jul-2013,21.59,21.82,21.56,21.78,22900
PWC,03-Jul-2013,55.69,56.25,55.69,56.25,800
PWV,03-Jul-2013,25.21,25.41,25.15,25.35,64700
PWZ,03-Jul-2013,23.6,23.75,23.6,23.75,900
PXE,03-Jul-2013,29.21,29.21,28.92,29.21,8500
PXF,03-Jul-2013,36.79,36.9,36.61,36.83,326600
PXH,03-Jul-2013,18.67,18.72,18.6,18.65,405200
PXJ,03-Jul-2013,23.33,23.38,23.17,23.33,11600
PXLG,03-Jul-2013,24.84,24.98,24.84,24.94,22200
PXLV,03-Jul-2013,25.32,25.34,25.32,25.34,700
PXMG,03-Jul-2013,25.67,25.85,25.66,25.79,4100
PXMV,03-Jul-2013,21.12,21.27,21.09,21.21,10400
PXQ,03-Jul-2013,26.3,26.64,26.3,26.64,3000
PXR,03-Jul-2013,34.81,35.21,34.74,35.14,9300
PXSG,03-Jul-2013,20.39,20.45,20.39,20.45,1400
PXSV,03-Jul-2013,20.67,20.87,20.67,20.81,4800
PZA,03-Jul-2013,23.78,24.1,23.73,23.91,203400
PZD,03-Jul-2013,25.29,25.33,25.21,25.33,2300
PZG,03-Jul-2013,1.12,1.17,1.12,1.13,231000
PZI,03-Jul-2013,14.35,14.4,14.32,14.4,12100
PZT,03-Jul-2013,22.54,23.16,22.54,22.92,15500
QAI,03-Jul-2013,27.7,27.77,27.69,27.74,41300
QDEF,03-Jul-2013,29.23,29.27,29.23,29.27,3300
QDF,03-Jul-2013,29.55,29.59,29.53,29.59,11800
QDYN,03-Jul-2013,29.47,29.47,29.47,29.47,1900
QID,03-Jul-2013,94.16,94.28,91.88,92.8,1979600
QLD,03-Jul-2013,32.875,33.695,32.835,33.39,859200
QLTA,03-Jul-2013,49.72,49.76,49.7,49.7,11400
QMN,03-Jul-2013,24.95,24.95,24.95,24.95,0
QQQE,03-Jul-2013,22.47,22.47,22.47,22.47,0
RALS,03-Jul-2013,41.67,41.67,41.65,41.65,400
RAVI,03-Jul-2013,75.1,75.1,75.1,75.1,0
RCD,03-Jul-2013,68.8,69.01,68.8,68.98,2200
RCG,03-Jul-2013,1.46,1.48,1.45,1.45,3900
REED,03-Jul-2013,5.28,5.39,5.25,5.31,20100
REK,03-Jul-2013,26.04,26.5,26.04,26.2,17400
REM,03-Jul-2013,12.52,12.52,12.28,12.4,964100
REMX,03-Jul-2013,37.82,38.07,37.53,37.77,22800
RETL,03-Jul-2013,13.57,13.78,13.555,13.7275,1700
REW,03-Jul-2013,127.16,127.24,125.64,126.12,3100
REZ,03-Jul-2013,51.52,51.52,50.64,51.21,29900
RFG,03-Jul-2013,101.61,102.67,101.34,102.51,8900
RFV,03-Jul-2013,43.4,43.5,43.39,43.5,1500
RGI,03-Jul-2013,66.17,66.36,66.07,66.36,1800
RHS,03-Jul-2013,81.68,81.79,81.56,81.78,3500
RIF,03-Jul-2013,20.06,20.22,19.92,20,14200
RINF,03-Jul-2013,36.19,36.19,36.19,36.19,0
RJA,03-Jul-2013,8.34,8.37,8.32,8.34,178600
RJI,03-Jul-2013,8.16,8.17,8.12,8.16,389800
RJN,03-Jul-2013,6.72,6.79,6.7,6.74,24100
RJZ,03-Jul-2013,8.77,8.8,8.76,8.8,3400
RLGT,03-Jul-2013,1.9,1.95,1.9,1.94,3600
RLY,03-Jul-2013,27.39,27.77,27.39,27.77,7500
RNN,03-Jul-2013,4.1,4.8,4.1,4.6,440100
ROLA,03-Jul-2013,101,101,101,101,0
ROM,03-Jul-2013,38.825,39.44,38.825,39.13,2800
ROOF,03-Jul-2013,24.1,24.12,23.99,24.12,6300
ROX,03-Jul-2013,0.34,0.35,0.3,0.32,80000
RPG,03-Jul-2013,58,58.54,57.89,58.39,47300
RPV,03-Jul-2013,40.72,40.83,40.57,40.8,46600
RSP,03-Jul-2013,61.4,61.76,61.24,61.6,204000
RSX,03-Jul-2013,25.07,25.28,24.98,25.18,2775100
RSXJ,03-Jul-2013,39.61,39.61,39.61,39.61,0
RTH,03-Jul-2013,52.54,52.63,52.23,52.63,16400
RTLA,03-Jul-2013,107.75,107.75,107.75,107.75,0
RTM,03-Jul-2013,65.72,65.88,65.72,65.88,400
RUSL,03-Jul-2013,238.56,245.28,236.52,242.52,14600
RUSS,03-Jul-2013,425.6,429,413.8,418,23600
RVNU,03-Jul-2013,23.29,23.29,23.29,23.29,0
RVP,03-Jul-2013,1.46,1.5,1.46,1.49,3400
RWC,03-Jul-2013,2.93,3.09,2.91,2.99,38300
RWJ,03-Jul-2013,44.16,44.57,44.15,44.51,31700
RWK,03-Jul-2013,38.18,38.35,38.12,38.29,15600
RWL,03-Jul-2013,31.17,31.43,31.17,31.39,6600
RWM,03-Jul-2013,81.52,81.6,80.76,81.12,582900
RWO,03-Jul-2013,42.26,42.35,41.93,42.27,138100
RWR,03-Jul-2013,76.67,76.67,75.48,76.25,143600
RWW,03-Jul-2013,39.58,39.58,39.23,39.45,800
RWX,03-Jul-2013,39.72,40.02,39.68,39.93,300100
RXD,03-Jul-2013,146.08,146.24,144.88,144.88,1100
RXI,03-Jul-2013,71.05,71.87,71.05,71.77,19400
RXL,03-Jul-2013,30.055,30.18,29.85,30.085,11200
RYE,03-Jul-2013,71.09,71.15,71.09,71.15,500
RYF,03-Jul-2013,24.5833,24.5833,24.3819,24.5069,40400
RYH,03-Jul-2013,93.43,93.85,93.38,93.83,2500
RYJ,03-Jul-2013,28.13,28.28,28.11,28.2,16300
RYT,03-Jul-2013,64.12,64.84,63.92,64.67,9900
RYU,03-Jul-2013,61.49,61.75,61.3,61.59,1800
RZG,03-Jul-2013,65.19,65.59,65.16,65.5,1500
RZV,03-Jul-2013,51.08,51.32,51,51.32,2300
SAA,03-Jul-2013,37.72,37.72,37.63,37.63,200
SAGG,03-Jul-2013,36.05,36.05,36.04,36.04,1200
SAND,03-Jul-2013,5.76,6.1,5.74,5.97,440500
SBB,03-Jul-2013,70.24,70.24,69.84,69.88,7300
SBM,03-Jul-2013,33.9,33.9,33.73,33.73,500
SCC,03-Jul-2013,105.12,105.12,103.8,103.84,900
SCE-B,03-Jul-2013,22,22,22,22,0
SCE-C,03-Jul-2013,21.72,21.72,21.41,21.41,1100
SCE-D,03-Jul-2013,22.51,22.51,22.51,22.51,200
SCE-E,03-Jul-2013,23.75,23.75,23.56,23.56,1200
SCHA,03-Jul-2013,44.48,44.8,44.39,44.67,189000
SCHB,03-Jul-2013,38.96,39.24,38.91,39.15,198700
SCHC,03-Jul-2013,27.17,27.38,27.17,27.36,8300
SCHD,03-Jul-2013,32.73,32.92,32.64,32.85,123800
SCHE,03-Jul-2013,22.92,23.13,22.81,22.99,128400
SCHF,03-Jul-2013,27.3,27.49,27.22,27.43,160900
SCHG,03-Jul-2013,38.31,38.62,38.28,38.52,44500
SCHH,03-Jul-2013,32.38,32.38,31.83,32.18,121100
SCHM,03-Jul-2013,32.15,32.33,32.09,32.26,40000
SCHO,03-Jul-2013,50.44,50.47,50.44,50.44,46800
SCHP,03-Jul-2013,54.15,54.21,53.99,54.02,30700
SCHR,03-Jul-2013,52.72,52.74,52.63,52.63,10700
SCHV,03-Jul-2013,36.27,36.45,36.15,36.36,68000
SCHX,03-Jul-2013,38.29,38.55,38.22,38.47,170500
SCHZ,03-Jul-2013,50.63,50.66,50.55,50.59,26500
SCIF,03-Jul-2013,28.08,28.61,28.08,28.55,58500
SCIN,03-Jul-2013,10.66,10.66,10.56,10.65,1900
SCJ,03-Jul-2013,50.33,50.58,50.11,50.46,7200
SCO,03-Jul-2013,16.46,16.74,16.2,16.505,3005700
SDD,03-Jul-2013,71.12,71.2,70.8,70.92,2400
SDIV,03-Jul-2013,21.21,21.29,21.1,21.2,89000
SDOG,03-Jul-2013,30.76,30.92,30.72,30.88,69300
SDOW,03-Jul-2013,174,174.4,168.64,170.12,203200
SDP,03-Jul-2013,94.04,94.04,94.04,94.04,0
SDS,03-Jul-2013,40.77,40.92,40.15,40.39,6759200
SDY,03-Jul-2013,66.5,66.78,66.24,66.64,319600
SDYL,03-Jul-2013,37.15,37.4,37.15,37.31,1900
SEA,03-Jul-2013,17.25,17.32,17.17,17.32,4200
SEB,03-Jul-2013,2723.28,2755,2710,2730,200
SEF,03-Jul-2013,23.52,23.66,23.5,23.55,9600
SFLA,03-Jul-2013,112.56,112.56,112.56,112.56,100
SGA,03-Jul-2013,46.6,46.83,45.87,46.83,7100
SGAR,03-Jul-2013,35.42,35.42,35.42,35.42,0
SGB,03-Jul-2013,9.5,9.5,9.5,9.5,200
SGG,03-Jul-2013,57.33,57.72,57.29,57.29,7300
SGOL,03-Jul-2013,123,124.07,122.87,123.05,23000
SH,03-Jul-2013,59.14,59.22,58.68,58.82,1864300
SHM,03-Jul-2013,47.96,48.04,47.86,48.04,227500
SIF,03-Jul-2013,16.67,16.75,16.48,16.68,5100
SIJ,03-Jul-2013,84.56,84.56,81,81,500
SIL,03-Jul-2013,34.83,35.4,34.74,35.31,88800
SILJ,03-Jul-2013,9.95,9.95,9.67,9.84,4800
SIM,03-Jul-2013,12.57,12.59,12.42,12.5,2800
SIVR,03-Jul-2013,19.31,19.63,19.31,19.44,78400
SIZ,03-Jul-2013,25.51,25.51,25.51,25.51,0
SIZE,03-Jul-2013,50.48,51.35,50.48,51.35,2400
SJB,03-Jul-2013,31.65,31.65,31.48,31.51,27200
SJNK,03-Jul-2013,30.17,30.2,30.1,30.19,346400
SKF,03-Jul-2013,92.16,92.52,91,91.24,207200
SLV,03-Jul-2013,18.95,19.19,18.9,19.02,6634800
SLVP,03-Jul-2013,11.27,11.37,10.99,11.37,1900
SLX,03-Jul-2013,37.71,38.12,37.71,37.98,16800
SLY,03-Jul-2013,88.07,88.64,87.86,88.64,3400
SLYG,03-Jul-2013,148.13,149.21,147.48,148.73,8000
SLYV,03-Jul-2013,90.66,91.36,90.52,91.13,6200
SMB,03-Jul-2013,17.33,17.48,17.33,17.48,19400
SMDD,03-Jul-2013,90.24,90.44,88.44,88.52,3800
SMH,03-Jul-2013,37.58,37.98,37.42,37.82,1464400
SMIN,03-Jul-2013,19.24,19.24,19.1,19.1,2600
SMLV,03-Jul-2013,62.49,62.82,62.49,62.82,300
SMMU,03-Jul-2013,50.49,50.5,50.18,50.21,900
SMN,03-Jul-2013,52.85,53.22,52.61,52.71,15200
SOIL,03-Jul-2013,12,12.05,11.97,12.05,8200
SOXL,03-Jul-2013,11.325,12,11.325,11.8575,107300
SOXS,03-Jul-2013,1296,1296,1220,1235.2,636800
SOYB,03-Jul-2013,23.04,23.65,23.04,23.65,500
SPFF,03-Jul-2013,14.45,14.48,14.41,14.46,2000
SPHB,03-Jul-2013,24.97,25.14,24.9,25.06,41600
SPHD,03-Jul-2013,27.29,27.33,27.16,27.28,17000
SPHQ,03-Jul-2013,17.84,17.96,17.82,17.92,45100
SPLV,03-Jul-2013,30.98,31.07,30.85,31.01,443200
SPPP,03-Jul-2013,8.71,8.73,8.61,8.64,193700
SPXH,03-Jul-2013,25.2,25.37,25.2,25.31,5500
SPXL,03-Jul-2013,10.405,10.6575,10.355,10.5575,6910000
SPXS,03-Jul-2013,271.5,273,265,267,3602600
SPXU,03-Jul-2013,97.84,98.32,95.52,96.32,5024100
SPY,03-Jul-2013,160.48,161.77,160.22,161.28,75216304
SPYG,03-Jul-2013,73.17,73.64,73.17,73.53,3400
SPYV,03-Jul-2013,82.22,82.69,82.09,82.57,6600
SRLN,03-Jul-2013,49.68,49.69,49.46,49.55,131800
SRS,03-Jul-2013,83.52,86.44,83.52,84.52,226900
SRTY,03-Jul-2013,308.64,310.08,300.48,302.56,372700
SSG,03-Jul-2013,144.3,144.3,138.9,139.05,2600
SSO,03-Jul-2013,38.415,39.03,38.28,38.79,2792300
SSY,03-Jul-2013,0.82,0.82,0.74,0.79,2400
STIP,03-Jul-2013,100.94,101.03,100.85,100.85,116200
STPZ,03-Jul-2013,52.88,52.92,52.82,52.84,52400
SUB,03-Jul-2013,105.2,105.47,105.1,105.18,5800
SVT,03-Jul-2013,8,8,7.99,7.99,500
SVXY,03-Jul-2013,39.465,40.615,39.335,40.43,427700
SYLD,03-Jul-2013,25.1,25.24,25.04,25.2,28800
SYN,03-Jul-2013,1.7,1.74,1.65,1.67,12300
SZK,03-Jul-2013,43.68,43.68,43.68,43.68,1200
SZO,03-Jul-2013,39.27,39.42,38.46,39.3,3100
TAGS,03-Jul-2013,40.88,40.98,40.76,40.98,300
TAN,03-Jul-2013,23.6,23.93,23.6,23.83,62000
TAO,03-Jul-2013,19.86,20.07,19.79,19.95,37800
TAT,03-Jul-2013,7.7,7.7,7.6,7.7,138200
TBF,03-Jul-2013,31.38,31.47,31.3,31.41,1005700
TBT,03-Jul-2013,72.32,72.64,71.81,72.52,2264300
TBX,03-Jul-2013,33.42,33.43,33.29,33.35,20200
TDTF,03-Jul-2013,25.08,25.08,25,25,19400
TDTT,03-Jul-2013,24.96,24.96,24.9,24.94,91100
TECL,03-Jul-2013,14.4575,14.9975,14.435,14.825,45700
TECS,03-Jul-2013,142.12,142.44,136.84,138.44,18200
TFI,03-Jul-2013,45.2,45.84,45.2,45.52,230900
TGB,03-Jul-2013,1.88,1.96,1.88,1.91,151300
TGC,03-Jul-2013,4.9,5.1,4.9,5,95100
THD,03-Jul-2013,77.31,78.69,77.29,78.15,145800
THM,03-Jul-2013,0.64,0.65,0.6,0.65,177300
TIK,03-Jul-2013,3.27,3.27,3.27,3.27,300
TILT,03-Jul-2013,69.08,69.3,68.92,69.28,27800
TIP,03-Jul-2013,112.49,112.69,112.13,112.17,772600
TIPX,03-Jul-2013,19.41,19.41,19.41,19.41,0
TIPZ,03-Jul-2013,56.75,56.81,56.59,56.6,8800
TIS,03-Jul-2013,26.01,26.54,26.01,26.51,18300
TLH,03-Jul-2013,126.38,126.62,126.14,126.25,11000
TLTD,03-Jul-2013,53.59,53.97,53.44,53.97,9600
TLTE,03-Jul-2013,47.56,47.67,47.25,47.63,2100
TMF,03-Jul-2013,13.6,13.7,13.49,13.515,41800
TMP,03-Jul-2013,45.07,45.1,44.63,45.09,8400
TMV,03-Jul-2013,64.48,64.9,63.79,64.82,223400
TNA,03-Jul-2013,24.3,24.995,24.205,24.79,5623000
TOK,03-Jul-2013,45.14,45.23,45,45.23,1000
TRSK,03-Jul-2013,25.08,25.08,25.08,25.08,200
TRT,03-Jul-2013,3.14,3.17,3.09,3.17,1200
TRX,03-Jul-2013,2.53,2.65,2.51,2.6,153100
TTFS,03-Jul-2013,41.1,41.55,41.05,41.49,25500
TTT,03-Jul-2013,83.31,84,83.16,84,11100
TUZ,03-Jul-2013,50.81,50.81,50.78,50.78,47900
TWM,03-Jul-2013,70.56,70.76,69.24,69.68,1407100
TYBS,03-Jul-2013,28.63,28.71,28.57,28.7,1600
TYD,03-Jul-2013,37.91,37.91,37.91,37.91,100
TYNS,03-Jul-2013,33.94,33.94,33.94,33.94,0
TYO,03-Jul-2013,25.04,25.23,24.91,25.22,6900
TZA,03-Jul-2013,30.79,30.92,29.95,30.22,8766500
UAG,03-Jul-2013,26.13,26.14,26.13,26.14,7500
UAMY,03-Jul-2013,1.14,1.15,1.11,1.15,294100
UBC,03-Jul-2013,18.58,18.65,18.54,18.63,66300
UBG,03-Jul-2013,32.93,32.93,32.87,32.89,400
UBM,03-Jul-2013,17.04,17.1,16.93,17.08,15300
UBN,03-Jul-2013,15.37,15.37,15.29,15.37,22700
UBR,03-Jul-2013,119.55,119.91,119.55,119.91,600
UBT,03-Jul-2013,58.48,58.49,58,58.05,6400
UCC,03-Jul-2013,27.025,27.025,27.025,27.025,500
UCI,03-Jul-2013,20.25,20.3,20.22,20.25,6800
UCO,03-Jul-2013,165.95,168.35,163.25,165.45,2331100
UDN,03-Jul-2013,25.9,26.03,25.9,25.98,13800
UDOW,03-Jul-2013,20.2,20.815,20.115,20.6525,95400
UEC,03-Jul-2013,2.02,2.09,2.01,2.09,276400
UGA,03-Jul-2013,56.66,57.04,56.4,56.78,42600
UGAZ,03-Jul-2013,459.5,494.25,459.5,481,718700
UGE,03-Jul-2013,21.5833,21.5833,21.5833,21.5833,100
UGL,03-Jul-2013,45.69,46.44,45.56,45.64,104600
UHN,03-Jul-2013,32.19,32.19,32.19,32.19,100
UJB,03-Jul-2013,50.69,50.69,50.69,50.69,200
ULE,03-Jul-2013,23.31,23.43,23.31,23.43,5200
UMDD,03-Jul-2013,30.8,31.53,30.73,31.455,11500
UNG,03-Jul-2013,19,19.41,18.95,19.24,3876400
UNL,03-Jul-2013,17.3,17.51,17.3,17.45,2000
UPRO,03-Jul-2013,31.4,32.165,31.24,31.915,1795600
UPV,03-Jul-2013,33.64,34.14,33.57,34.14,500
UPW,03-Jul-2013,21.3167,21.52,21.3167,21.4833,500
UQM,03-Jul-2013,1.49,1.52,1.27,1.3,2151300
URA,03-Jul-2013,33.34,33.72,33.04,33.6,10800
URE,03-Jul-2013,74.99,74.99,72.64,74.34,183300
URG,03-Jul-2013,1.26,1.31,1.26,1.31,424100
URR,03-Jul-2013,26.06,26.06,26.06,26.06,0
URTH,03-Jul-2013,60.95,61.26,60.95,61.26,700
URTY,03-Jul-2013,54.65,56.03,54.38,55.55,120500
USAG,03-Jul-2013,23.17,23.24,23.15,23.24,1200
USCI,03-Jul-2013,54.16,54.29,54.16,54.29,26100
USD,03-Jul-2013,20.24,20.825,20.24,20.685,2400
USL,03-Jul-2013,40.86,41.8,40.86,41.47,28400
USMV,03-Jul-2013,32.52,32.67,32.43,32.59,290400
USO,03-Jul-2013,35.94,36.18,35.6,35.84,12203100
UST,03-Jul-2013,52.22,52.38,51.97,51.99,86400
USV,03-Jul-2013,27.1,27.32,26.95,27.07,44800
UTG,03-Jul-2013,24.95,25.07,24.84,25.05,38400
UUP,03-Jul-2013,22.63,22.63,22.52,22.57,496300
UUU,03-Jul-2013,5.4,5.4,5.4,5.4,0
UVXY,03-Jul-2013,35260,35585,33340,33740,2528700
UWM,03-Jul-2013,61.24,62.39,61.09,62,295200
UWN,03-Jul-2013,0.95,0.97,0.94,0.94,9100
UXI,03-Jul-2013,23.4367,23.4367,23.4367,23.4367,0
UYG,03-Jul-2013,46.66,47.27,46.44,47.095,126100
UYM,03-Jul-2013,34.3,34.76,34.3,34.69,59500
VAW,03-Jul-2013,86.81,87.11,86.62,87,31500
VB,03-Jul-2013,94.65,95.35,94.5,95.11,128100
VBK,03-Jul-2013,104.6,105.07,104.11,104.79,43800
VBR,03-Jul-2013,84.38,84.87,84.2,84.66,112900
VCF,03-Jul-2013,13.55,13.58,13.37,13.38,26800
VCR,03-Jul-2013,91.64,92.47,91.28,92.27,84900
VDC,03-Jul-2013,102.47,102.77,101.93,102.54,47100
VDE,03-Jul-2013,113.25,113.58,112.49,113.42,53700
VEA,03-Jul-2013,35.5,35.83,35.42,35.77,1982700
VEGA,03-Jul-2013,23.61,23.69,23.61,23.69,3000
VEGI,03-Jul-2013,26.08,26.11,25.95,26.05,48600
VEU,03-Jul-2013,44.04,44.4,43.95,44.27,814300
VFH,03-Jul-2013,39.9,40.11,39.77,40.05,113100
VFL,03-Jul-2013,12.77,12.8,12.59,12.6,13700
VGK,03-Jul-2013,47.86,48.36,47.79,48.27,1332600
VGT,03-Jul-2013,74.48,75.39,74.34,75.05,144100
VGZ,03-Jul-2013,0.95,1.02,0.94,0.98,210900
VHC,03-Jul-2013,19.53,19.7,19.11,19.69,154200
VHT,03-Jul-2013,86.45,86.88,86.03,86.59,113600
VIG,03-Jul-2013,66.39,66.71,66.19,66.55,585300
VII,03-Jul-2013,2.67,2.71,2.59,2.59,1000
VIOG,03-Jul-2013,84.46,84.46,84.32,84.33,800
VIOO,03-Jul-2013,82.52,83.12,82.52,82.92,1400
VIOV,03-Jul-2013,81.37,83.03,81.34,81.53,1500
VIS,03-Jul-2013,81.6,81.93,81.28,81.72,23700
VIXM,03-Jul-2013,112.92,112.92,110.92,111.76,30000
VIXY,03-Jul-2013,276.85,278.05,269.3,270.6,250100
VKI,03-Jul-2013,11.66,11.66,11.48,11.59,75400
VLU,03-Jul-2013,71,71,71,71,0
VLUE,03-Jul-2013,52.35,52.35,52.35,52.35,0
VMM,03-Jul-2013,13.4,13.4,13.19,13.21,14700
VNM,03-Jul-2013,18.84,18.92,18.7,18.89,114900
VNQ,03-Jul-2013,69.39,69.39,68.34,69.16,2446800
VO,03-Jul-2013,95.19,95.88,95.08,95.64,113300
VOE,03-Jul-2013,68.79,69.1,68.61,68.97,51700
VOO,03-Jul-2013,147.06,148.16,146.76,147.7,1026700
VOOG,03-Jul-2013,75.5,76.1,75.5,75.95,2000
VOOV,03-Jul-2013,72.73,73.13,72.72,73.04,2600
VOT,03-Jul-2013,78.32,79,78.31,78.76,26400
VOX,03-Jul-2013,78.33,79.6,78.33,79.34,14400
VPL,03-Jul-2013,55.99,56.41,55.85,56.21,308500
VPU,03-Jul-2013,80.75,81.18,80.55,80.95,45900
VQT,03-Jul-2013,139.56,140.18,139.47,139.92,10600
VSS,03-Jul-2013,89.42,90.19,89.07,89.96,15700
VT,03-Jul-2013,51.4,51.81,51.27,51.73,208900
VTI,03-Jul-2013,82.99,83.59,82.83,83.39,1004700
VTV,03-Jul-2013,67.64,68.02,67.5,67.9,289200
VUG,03-Jul-2013,78.54,79.31,78.46,79.07,366700
VV,03-Jul-2013,73.51,74.05,73.35,73.87,87400
VWO,03-Jul-2013,37.79,38.21,37.65,37.9,20681100
VXF,03-Jul-2013,70.47,70.98,70.41,70.79,159700
VXX,03-Jul-2013,1315.84,1321.6,1280,1287.68,27127100
VXZ,03-Jul-2013,92.16,92.2,90.4,91.08,86400
VYM,03-Jul-2013,56.42,56.75,56.25,56.63,453400
WDIV,03-Jul-2013,57.85,58.9,57.65,58.13,3300
WEAT,03-Jul-2013,17.38,17.45,17.31,17.34,7200
WEET,03-Jul-2013,46.84,46.84,46.7,46.7,900
WIP,03-Jul-2013,57.56,57.83,57.49,57.57,121900
WMCR,03-Jul-2013,22.3,22.78,22.3,22.66,2500
WMW,03-Jul-2013,16.61,16.61,16.61,16.61,200
WPS,03-Jul-2013,35.32,35.49,35.23,35.49,29100
WREI,03-Jul-2013,37.98,38.16,37.73,37.99,1200
WRN,03-Jul-2013,0.51,0.52,0.51,0.52,3900
WTT,03-Jul-2013,1.43,1.48,1.41,1.48,3200
WYY,03-Jul-2013,0.82,0.84,0.8,0.81,36700
XAR,03-Jul-2013,77.16,77.16,77.16,77.16,200
XBI,03-Jul-2013,36.3167,36.4633,36.0433,36.3267,81700
XES,03-Jul-2013,39.72,40.02,39.53,39.78,63200
XHB,03-Jul-2013,29.23,29.71,29.23,29.61,2993800
XHE,03-Jul-2013,63.57,63.57,63.57,63.57,0
XHS,03-Jul-2013,80.95,80.95,80.18,80.44,7700
XLB,03-Jul-2013,38.22,38.54,38.19,38.46,3311100
XLE,03-Jul-2013,78.82,79.11,78.35,78.98,5256800
XLF,03-Jul-2013,15.7724,15.8699,15.7236,15.8293,25045100
XLG,03-Jul-2013,114.17,114.98,113.95,114.67,15700
XLI,03-Jul-2013,42.44,42.77,42.35,42.63,6081800
XLK,03-Jul-2013,30.72,31.12,30.72,30.98,11597000
XLP,03-Jul-2013,39.88,40.02,39.66,39.93,3985300
XLU,03-Jul-2013,36.97,37.19,36.88,37.01,5707200
XLV,03-Jul-2013,47.46,47.73,47.23,47.57,3926600
XLY,03-Jul-2013,56.59,57.5,56.5,57.15,2620400
XME,03-Jul-2013,33.2,33.23,32.83,33.13,1838600
XMLV,03-Jul-2013,26.56,26.74,26.55,26.7,9000
XMPT,03-Jul-2013,25.24,25.24,24.86,25.01,4900
XOP,03-Jul-2013,58.72,59.15,58.28,59.02,2103100
XPH,03-Jul-2013,71.1,71.11,70.3,70.79,22300
XPL,03-Jul-2013,0.88,0.9,0.88,0.9,4900
XPP,03-Jul-2013,39.58,40.56,39.21,39.91,25000
XRT,03-Jul-2013,77.25,77.78,76.8,77.59,882400
XSD,03-Jul-2013,53.61,54.26,53.34,53.95,14200
XSLV,03-Jul-2013,27.48,27.57,27.46,27.54,1600
XSW,03-Jul-2013,73.98,73.98,73.98,73.98,0
XTL,03-Jul-2013,48.32,48.86,47,48.86,600
XTN,03-Jul-2013,66.19,66.6,66.18,66.6,1900
XVZ,03-Jul-2013,42.78,42.83,42.47,42.64,7700
XXV,03-Jul-2013,38.2,38.2,38.2,38.2,0
YANG,03-Jul-2013,134.625,134.625,127.875,129.825,16900
YAO,03-Jul-2013,21.76,22.01,21.74,21.97,31600
YCL,03-Jul-2013,83.76,83.76,83.76,83.76,100
YCS,03-Jul-2013,64.71,65.31,64.3,65.25,343500
YINN,03-Jul-2013,15.1,15.45,15.03,15.17,48800
YMLI,03-Jul-2013,21.01,21.01,21.01,21.01,0
YMLP,03-Jul-2013,92.2,92.5,90.4,90.75,52900
YXI,03-Jul-2013,42.1,42.14,42.09,42.13,1000
YYY,03-Jul-2013,22.65,22.65,22.3,22.56,7800
ZROZ,03-Jul-2013,95.28,95.28,94.8,95.07,2700
ZSL,03-Jul-2013,50.71,51.055,49.59,50.46,234500
ZVV,03-Jul-2013,45.8,45.8,45.8,45.8,0
